Labels loaded.
RDF loaded.
Graph loaded.
8
0
NVIDIA RTX A6000
8
cuda:  True
0
shape edges:  torch.Size([10430, 3])
num_classes:  4
num_nodes:  2929
num_relations:  6
Parameter containing:
tensor([[-0.0604,  0.2523, -0.2728,  ..., -0.0288,  0.0298, -0.2631],
        [-0.1363, -0.0267, -0.0430,  ..., -0.1421, -0.2324, -0.3920],
        [-0.4066, -0.1021, -0.0912,  ...,  0.1786, -0.1255,  0.4364],
        ...,
        [ 0.3156, -0.0194, -0.0841,  ...,  0.3405,  0.3366, -0.1837],
        [ 0.2540, -0.2462,  0.0671,  ...,  0.0373,  0.1967, -0.3956],
        [ 0.3550,  0.2010,  0.2401,  ..., -0.0808, -0.2433,  0.4295]],
       requires_grad=True)
torch.Size([6, 2929, 2929]) torch.Size([6, 2929, 50])
Exponential sum:  tensor(9107.9609, grad_fn=<SumBackward0>)
torch.Size([6, 2929, 2929]) torch.Size([6, 2929, 50])
Exponential sum:  tensor(8292.4336, grad_fn=<SumBackward0>)
tensor([[0.2826, 0.2335, 0.2643, 0.2196],
        [0.2941, 0.2142, 0.2291, 0.2626],
        [0.2718, 0.2638, 0.2508, 0.2136],
        ...,
        [0.2820, 0.2199, 0.2668, 0.2313],
        [0.2892, 0.2108, 0.2822, 0.2178],
        [0.2953, 0.2095, 0.2637, 0.2315]], grad_fn=<SoftmaxBackward0>)
Epoch: 0001 loss: 1.3906 acc_train: 0.2246
Parameter containing:
tensor([[-0.0504,  0.2423, -0.2628,  ..., -0.0189,  0.0198, -0.2531],
        [-0.1263, -0.0168, -0.0330,  ..., -0.1321, -0.2224, -0.3820],
        [-0.3966, -0.0921, -0.0812,  ...,  0.1686, -0.1155,  0.4264],
        ...,
        [ 0.3056, -0.0094, -0.0741,  ...,  0.3305,  0.3266, -0.1737],
        [ 0.2440, -0.2362,  0.0571,  ...,  0.0273,  0.1867, -0.3856],
        [ 0.3450,  0.1910,  0.2301,  ..., -0.0708, -0.2333,  0.4195]],
       requires_grad=True)
torch.Size([6, 2929, 2929]) torch.Size([6, 2929, 50])
Exponential sum:  tensor(9193.4395, grad_fn=<SumBackward0>)
torch.Size([6, 2929, 2929]) torch.Size([6, 2929, 50])
Exponential sum:  tensor(8413.8262, grad_fn=<SumBackward0>)
tensor([[0.2695, 0.2369, 0.2631, 0.2305],
        [0.2764, 0.2183, 0.2345, 0.2709],
        [0.2599, 0.2656, 0.2491, 0.2254],
        ...,
        [0.2570, 0.2055, 0.2739, 0.2636],
        [0.2737, 0.2164, 0.2776, 0.2323],
        [0.2805, 0.2161, 0.2617, 0.2416]], grad_fn=<SoftmaxBackward0>)
Epoch: 0002 loss: 1.3789 acc_train: 0.3631
Parameter containing:
tensor([[-0.0405,  0.2323, -0.2528,  ..., -0.0092,  0.0101, -0.2431],
        [-0.1163, -0.0071, -0.0231,  ..., -0.1221, -0.2124, -0.3720],
        [-0.3866, -0.0821, -0.0713,  ...,  0.1587, -0.1055,  0.4164],
        ...,
        [ 0.2956,  0.0005, -0.0643,  ...,  0.3206,  0.3166, -0.1637],
        [ 0.2340, -0.2262,  0.0472,  ...,  0.0175,  0.1767, -0.3756],
        [ 0.3350,  0.1811,  0.2201,  ..., -0.0609, -0.2233,  0.4095]],
       requires_grad=True)
torch.Size([6, 2929, 2929]) torch.Size([6, 2929, 50])
Exponential sum:  tensor(9262.3389, grad_fn=<SumBackward0>)
torch.Size([6, 2929, 2929]) torch.Size([6, 2929, 50])
Exponential sum:  tensor(8338.9814, grad_fn=<SumBackward0>)
tensor([[0.2601, 0.2390, 0.2613, 0.2396],
        [0.2648, 0.2214, 0.2385, 0.2753],
        [0.2510, 0.2657, 0.2478, 0.2355],
        ...,
        [0.2297, 0.1835, 0.2896, 0.2971],
        [0.2629, 0.2211, 0.2728, 0.2432],
        [0.2702, 0.2205, 0.2602, 0.2491]], grad_fn=<SoftmaxBackward0>)
Epoch: 0003 loss: 1.3676 acc_train: 0.3978
Parameter containing:
tensor([[-3.0797e-02,  2.2232e-01, -2.4284e-01,  ..., -3.1144e-04,
          1.1437e-03, -2.3314e-01],
        [-1.0641e-01,  1.4681e-03, -1.3625e-02,  ..., -1.1215e-01,
         -2.0244e-01, -3.6198e-01],
        [-3.7662e-01, -7.2239e-02, -6.1432e-02,  ...,  1.4872e-01,
         -9.5576e-02,  4.0643e-01],
        ...,
        [ 2.8574e-01,  1.0181e-02, -5.5160e-02,  ...,  3.1061e-01,
          3.0659e-01, -1.5420e-01],
        [ 2.2405e-01, -2.1621e-01,  3.7381e-02,  ...,  8.1991e-03,
          1.6672e-01, -3.6563e-01],
        [ 3.2503e-01,  1.7111e-01,  2.1013e-01,  ..., -5.1030e-02,
         -2.1336e-01,  3.9957e-01]], requires_grad=True)
torch.Size([6, 2929, 2929]) torch.Size([6, 2929, 50])
Exponential sum:  tensor(9303.3066, grad_fn=<SumBackward0>)
torch.Size([6, 2929, 2929]) torch.Size([6, 2929, 50])
Exponential sum:  tensor(8417.5840, grad_fn=<SumBackward0>)
tensor([[0.2535, 0.2407, 0.2594, 0.2464],
        [0.2571, 0.2240, 0.2418, 0.2771],
        [0.2446, 0.2654, 0.2468, 0.2432],
        ...,
        [0.1944, 0.1490, 0.3114, 0.3452],
        [0.2558, 0.2250, 0.2683, 0.2509],
        [0.2630, 0.2236, 0.2588, 0.2546]], grad_fn=<SoftmaxBackward0>)
Epoch: 0004 loss: 1.3542 acc_train: 0.3911
Parameter containing:
tensor([[-2.1360e-02,  2.1238e-01, -2.3290e-01,  ...,  6.9873e-03,
         -6.3728e-03, -2.2320e-01],
        [-9.6558e-02,  8.1897e-03, -4.6777e-03,  ..., -1.0228e-01,
         -1.9251e-01, -3.5202e-01],
        [-3.6666e-01, -6.2469e-02, -5.1705e-02,  ...,  1.3883e-01,
         -8.5745e-02,  3.9647e-01],
        ...,
        [ 2.7593e-01,  1.8147e-02, -4.7018e-02,  ...,  3.0071e-01,
          2.9665e-01, -1.4513e-01],
        [ 2.1412e-01, -2.0628e-01,  2.7844e-02,  ..., -3.0610e-04,
          1.5681e-01, -3.5567e-01],
        [ 3.1507e-01,  1.6120e-01,  2.0020e-01,  ..., -4.1365e-02,
         -2.0343e-01,  3.8960e-01]], requires_grad=True)
torch.Size([6, 2929, 2929]) torch.Size([6, 2929, 50])
Exponential sum:  tensor(9335.3594, grad_fn=<SumBackward0>)
torch.Size([6, 2929, 2929]) torch.Size([6, 2929, 50])
Exponential sum:  tensor(8422.5938, grad_fn=<SumBackward0>)
tensor([[0.2489, 0.2426, 0.2572, 0.2512],
        [0.2518, 0.2264, 0.2445, 0.2774],
        [0.2404, 0.2648, 0.2459, 0.2489],
        ...,
        [0.1495, 0.1076, 0.3367, 0.4061],
        [0.2516, 0.2281, 0.2644, 0.2559],
        [0.2579, 0.2266, 0.2574, 0.2581]], grad_fn=<SoftmaxBackward0>)
Epoch: 0005 loss: 1.3371 acc_train: 0.3855
Parameter containing:
tensor([[-0.0124,  0.2025, -0.2230,  ...,  0.0120, -0.0117, -0.2133],
        [-0.0868,  0.0123,  0.0033,  ..., -0.0925, -0.1826, -0.3421],
        [-0.3567, -0.0529, -0.0422,  ...,  0.1290, -0.0760,  0.3865],
        ...,
        [ 0.2662,  0.0227, -0.0403,  ...,  0.2909,  0.2868, -0.1368],
        [ 0.2042, -0.1964,  0.0187,  ..., -0.0075,  0.1470, -0.3457],
        [ 0.3051,  0.1513,  0.1903,  ..., -0.0319, -0.1935,  0.3797]],
       requires_grad=True)
torch.Size([6, 2929, 2929]) torch.Size([6, 2929, 50])
Exponential sum:  tensor(9371.8066, grad_fn=<SumBackward0>)
torch.Size([6, 2929, 2929]) torch.Size([6, 2929, 50])
Exponential sum:  tensor(8352.4297, grad_fn=<SumBackward0>)
tensor([[0.2461, 0.2443, 0.2551, 0.2546],
        [0.2481, 0.2288, 0.2463, 0.2768],
        [0.2379, 0.2640, 0.2454, 0.2527],
        ...,
        [0.0993, 0.0644, 0.3549, 0.4815],
        [0.2494, 0.2316, 0.2602, 0.2587],
        [0.2546, 0.2298, 0.2557, 0.2598]], grad_fn=<SoftmaxBackward0>)
Epoch: 0006 loss: 1.3162 acc_train: 0.3944
Parameter containing:
tensor([[-0.0040,  0.1927, -0.2131,  ...,  0.0144, -0.0146, -0.2035],
        [-0.0772,  0.0138,  0.0099,  ..., -0.0829, -0.1728, -0.3322],
        [-0.3468, -0.0435, -0.0329,  ...,  0.1193, -0.0665,  0.3766],
        ...,
        [ 0.2567,  0.0232, -0.0350,  ...,  0.2811,  0.2770, -0.1295],
        [ 0.1944, -0.1866,  0.0100,  ..., -0.0128,  0.1372, -0.3358],
        [ 0.2952,  0.1416,  0.1805,  ..., -0.0229, -0.1837,  0.3697]],
       requires_grad=True)
torch.Size([6, 2929, 2929]) torch.Size([6, 2929, 50])
Exponential sum:  tensor(9416.1123, grad_fn=<SumBackward0>)
torch.Size([6, 2929, 2929]) torch.Size([6, 2929, 50])
Exponential sum:  tensor(8166.9888, grad_fn=<SumBackward0>)
tensor([[0.2445, 0.2460, 0.2529, 0.2567],
        [0.2456, 0.2314, 0.2477, 0.2752],
        [0.2369, 0.2631, 0.2449, 0.2552],
        ...,
        [0.0534, 0.0301, 0.3492, 0.5673],
        [0.2485, 0.2347, 0.2568, 0.2600],
        [0.2525, 0.2326, 0.2541, 0.2607]], grad_fn=<SoftmaxBackward0>)
Epoch: 0007 loss: 1.2927 acc_train: 0.4257
Parameter containing:
tensor([[ 0.0035,  0.1829, -0.2033,  ...,  0.0146, -0.0152, -0.1937],
        [-0.0677,  0.0132,  0.0148,  ..., -0.0734, -0.1630, -0.3223],
        [-0.3369, -0.0344, -0.0240,  ...,  0.1096, -0.0571,  0.3667],
        ...,
        [ 0.2476,  0.0203, -0.0298,  ...,  0.2714,  0.2673, -0.1233],
        [ 0.1846, -0.1768,  0.0020,  ..., -0.0161,  0.1275, -0.3260],
        [ 0.2854,  0.1319,  0.1707,  ..., -0.0142, -0.1740,  0.3599]],
       requires_grad=True)
torch.Size([6, 2929, 2929]) torch.Size([6, 2929, 50])
Exponential sum:  tensor(9473.5645, grad_fn=<SumBackward0>)
torch.Size([6, 2929, 2929]) torch.Size([6, 2929, 50])
Exponential sum:  tensor(8114.0776, grad_fn=<SumBackward0>)
tensor([[0.2436, 0.2475, 0.2511, 0.2578],
        [0.2443, 0.2336, 0.2491, 0.2730],
        [0.2371, 0.2623, 0.2445, 0.2562],
        ...,
        [0.0224, 0.0109, 0.3162, 0.6505],
        [0.2481, 0.2374, 0.2542, 0.2602],
        [0.2514, 0.2355, 0.2526, 0.2604]], grad_fn=<SoftmaxBackward0>)
Epoch: 0008 loss: 1.2692 acc_train: 0.4849
Parameter containing:
tensor([[ 0.0099,  0.1732, -0.1936,  ...,  0.0131, -0.0140, -0.1840],
        [-0.0585,  0.0110,  0.0180,  ..., -0.0641, -0.1534, -0.3125],
        [-0.3271, -0.0256, -0.0155,  ...,  0.1001, -0.0479,  0.3569],
        ...,
        [ 0.2389,  0.0156, -0.0242,  ...,  0.2618,  0.2577, -0.1183],
        [ 0.1749, -0.1671, -0.0051,  ..., -0.0174,  0.1179, -0.3161],
        [ 0.2756,  0.1223,  0.1611,  ..., -0.0062, -0.1643,  0.3500]],
       requires_grad=True)
torch.Size([6, 2929, 2929]) torch.Size([6, 2929, 50])
Exponential sum:  tensor(9539.6719, grad_fn=<SumBackward0>)
torch.Size([6, 2929, 2929]) torch.Size([6, 2929, 50])
Exponential sum:  tensor(8202.2705, grad_fn=<SumBackward0>)
tensor([[0.2435, 0.2490, 0.2498, 0.2577],
        [0.2438, 0.2358, 0.2502, 0.2702],
        [0.2380, 0.2615, 0.2443, 0.2562],
        ...,
        [0.0080, 0.0033, 0.2781, 0.7105],
        [0.2482, 0.2400, 0.2526, 0.2593],
        [0.2511, 0.2385, 0.2514, 0.2590]], grad_fn=<SoftmaxBackward0>)
Epoch: 0009 loss: 1.2476 acc_train: 0.5061
Parameter containing:
tensor([[ 0.0151,  0.1636, -0.1840,  ...,  0.0104, -0.0115, -0.1743],
        [-0.0495,  0.0079,  0.0195,  ..., -0.0550, -0.1438, -0.3027],
        [-0.3173, -0.0173, -0.0076,  ...,  0.0907, -0.0391,  0.3471],
        ...,
        [ 0.2309,  0.0099, -0.0178,  ...,  0.2524,  0.2482, -0.1141],
        [ 0.1653, -0.1575, -0.0112,  ..., -0.0170,  0.1085, -0.3063],
        [ 0.2658,  0.1128,  0.1515,  ...,  0.0012, -0.1547,  0.3402]],
       requires_grad=True)
torch.Size([6, 2929, 2929]) torch.Size([6, 2929, 50])
Exponential sum:  tensor(9591.0811, grad_fn=<SumBackward0>)
torch.Size([6, 2929, 2929]) torch.Size([6, 2929, 50])
Exponential sum:  tensor(8274.3408, grad_fn=<SumBackward0>)
tensor([[0.2440, 0.2500, 0.2491, 0.2569],
        [0.2438, 0.2380, 0.2510, 0.2672],
        [0.2393, 0.2604, 0.2447, 0.2556],
        ...,
        [0.0029, 0.0011, 0.2650, 0.7310],
        [0.2484, 0.2421, 0.2516, 0.2578],
        [0.2512, 0.2412, 0.2505, 0.2571]], grad_fn=<SoftmaxBackward0>)
Epoch: 0010 loss: 1.2270 acc_train: 0.5520
Parameter containing:
tensor([[ 1.8895e-02,  1.5405e-01, -1.7441e-01,  ...,  6.9687e-03,
         -8.2214e-03, -1.6478e-01],
        [-4.0801e-02,  4.2454e-03,  1.9548e-02,  ..., -4.6171e-02,
         -1.3429e-01, -2.9299e-01],
        [-3.0757e-01, -9.4481e-03, -3.1611e-04,  ...,  8.1563e-02,
         -3.0574e-02,  3.3730e-01],
        ...,
        [ 2.2373e-01,  3.2049e-03, -1.0739e-02,  ...,  2.4310e-01,
          2.3873e-01, -1.1086e-01],
        [ 1.5578e-01, -1.4802e-01, -1.6150e-02,  ..., -1.5328e-02,
          9.9180e-02, -2.9661e-01],
        [ 2.5615e-01,  1.0349e-01,  1.4199e-01,  ...,  7.6845e-03,
         -1.4519e-01,  3.3046e-01]], requires_grad=True)
torch.Size([6, 2929, 2929]) torch.Size([6, 2929, 50])
Exponential sum:  tensor(9652.8340, grad_fn=<SumBackward0>)
torch.Size([6, 2929, 2929]) torch.Size([6, 2929, 50])
Exponential sum:  tensor(8387.0576, grad_fn=<SumBackward0>)
tensor([[2.4459e-01, 2.5080e-01, 2.4871e-01, 2.5590e-01],
        [2.4427e-01, 2.4004e-01, 2.5151e-01, 2.6419e-01],
        [2.4068e-01, 2.5902e-01, 2.4540e-01, 2.5491e-01],
        ...,
        [1.2731e-03, 3.9327e-04, 3.0553e-01, 6.9281e-01],
        [2.4897e-01, 2.4417e-01, 2.5086e-01, 2.5600e-01],
        [2.5141e-01, 2.4351e-01, 2.4981e-01, 2.5528e-01]],
       grad_fn=<SoftmaxBackward0>)
Epoch: 0011 loss: 1.2047 acc_train: 0.6123
Parameter containing:
tensor([[ 0.0213,  0.1447, -0.1649,  ...,  0.0032, -0.0045, -0.1554],
        [-0.0324,  0.0006,  0.0183,  ..., -0.0377, -0.1249, -0.2833],
        [-0.2979, -0.0022,  0.0062,  ...,  0.0726, -0.0224,  0.3276],
        ...,
        [ 0.2179, -0.0044, -0.0031,  ...,  0.2342,  0.2296, -0.1093],
        [ 0.1464, -0.1386, -0.0198,  ..., -0.0127,  0.0901, -0.2869],
        [ 0.2465,  0.0943,  0.1326,  ...,  0.0133, -0.1358,  0.3208]],
       requires_grad=True)
torch.Size([6, 2929, 2929]) torch.Size([6, 2929, 50])
Exponential sum:  tensor(9719.1230, grad_fn=<SumBackward0>)
torch.Size([6, 2929, 2929]) torch.Size([6, 2929, 50])
Exponential sum:  tensor(8608.8584, grad_fn=<SumBackward0>)
tensor([[2.4530e-01, 2.5132e-01, 2.4854e-01, 2.5484e-01],
        [2.4481e-01, 2.4162e-01, 2.5208e-01, 2.6150e-01],
        [2.4205e-01, 2.5762e-01, 2.4612e-01, 2.5421e-01],
        ...,
        [6.0236e-04, 1.5458e-04, 3.8881e-01, 6.1043e-01],
        [2.4946e-01, 2.4587e-01, 2.5046e-01, 2.5421e-01],
        [2.5139e-01, 2.4550e-01, 2.4931e-01, 2.5380e-01]],
       grad_fn=<SoftmaxBackward0>)
Epoch: 0012 loss: 1.1812 acc_train: 0.6123
Parameter containing:
tensor([[ 0.0225,  0.1354, -0.1556,  ..., -0.0005, -0.0007, -0.1460],
        [-0.0244, -0.0028,  0.0161,  ..., -0.0295, -0.1158, -0.2737],
        [-0.2883,  0.0043,  0.0119,  ...,  0.0638, -0.0148,  0.3180],
        ...,
        [ 0.2143, -0.0128,  0.0052,  ...,  0.2259,  0.2209, -0.1104],
        [ 0.1371, -0.1294, -0.0223,  ..., -0.0093,  0.0811, -0.2773],
        [ 0.2370,  0.0854,  0.1234,  ...,  0.0178, -0.1266,  0.3111]],
       requires_grad=True)
torch.Size([6, 2929, 2929]) torch.Size([6, 2929, 50])
Exponential sum:  tensor(9785.6426, grad_fn=<SumBackward0>)
torch.Size([6, 2929, 2929]) torch.Size([6, 2929, 50])
Exponential sum:  tensor(8806.8477, grad_fn=<SumBackward0>)
tensor([[2.4598e-01, 2.5167e-01, 2.4844e-01, 2.5390e-01],
        [2.4521e-01, 2.4296e-01, 2.5252e-01, 2.5931e-01],
        [2.4353e-01, 2.5615e-01, 2.4679e-01, 2.5353e-01],
        ...,
        [2.4864e-04, 5.5552e-05, 4.2331e-01, 5.7638e-01],
        [2.4976e-01, 2.4704e-01, 2.5030e-01, 2.5290e-01],
        [2.5113e-01, 2.4720e-01, 2.4875e-01, 2.5291e-01]],
       grad_fn=<SoftmaxBackward0>)
Epoch: 0013 loss: 1.1569 acc_train: 0.6223
Parameter containing:
tensor([[ 0.0225,  0.1263, -0.1464,  ..., -0.0038,  0.0028, -0.1369],
        [-0.0168, -0.0055,  0.0131,  ..., -0.0218, -0.1067, -0.2642],
        [-0.2787,  0.0101,  0.0167,  ...,  0.0553, -0.0076,  0.3084],
        ...,
        [ 0.2132, -0.0217,  0.0141,  ...,  0.2187,  0.2129, -0.1137],
        [ 0.1280, -0.1203, -0.0235,  ..., -0.0057,  0.0724, -0.2678],
        [ 0.2275,  0.0766,  0.1144,  ...,  0.0213, -0.1175,  0.3015]],
       requires_grad=True)
torch.Size([6, 2929, 2929]) torch.Size([6, 2929, 50])
Exponential sum:  tensor(9848.1133, grad_fn=<SumBackward0>)
torch.Size([6, 2929, 2929]) torch.Size([6, 2929, 50])
Exponential sum:  tensor(9092.7393, grad_fn=<SumBackward0>)
tensor([[2.4642e-01, 2.5185e-01, 2.4844e-01, 2.5329e-01],
        [2.4579e-01, 2.4439e-01, 2.5226e-01, 2.5756e-01],
        [2.4483e-01, 2.5460e-01, 2.4742e-01, 2.5315e-01],
        ...,
        [8.7348e-05, 1.9109e-05, 3.3908e-01, 6.6081e-01],
        [2.4998e-01, 2.4783e-01, 2.5012e-01, 2.5207e-01],
        [2.5078e-01, 2.4837e-01, 2.4847e-01, 2.5239e-01]],
       grad_fn=<SoftmaxBackward0>)
Epoch: 0014 loss: 1.1295 acc_train: 0.6458
Parameter containing:
tensor([[ 0.0215,  0.1173, -0.1373,  ..., -0.0064,  0.0057, -0.1278],
        [-0.0097, -0.0073,  0.0096,  ..., -0.0145, -0.0979, -0.2548],
        [-0.2693,  0.0151,  0.0206,  ...,  0.0471, -0.0010,  0.2989],
        ...,
        [ 0.2142, -0.0310,  0.0235,  ...,  0.2127,  0.2058, -0.1188],
        [ 0.1190, -0.1114, -0.0237,  ..., -0.0020,  0.0639, -0.2584],
        [ 0.2182,  0.0681,  0.1055,  ...,  0.0238, -0.1086,  0.2920]],
       requires_grad=True)
torch.Size([6, 2929, 2929]) torch.Size([6, 2929, 50])
Exponential sum:  tensor(9906.7715, grad_fn=<SumBackward0>)
torch.Size([6, 2929, 2929]) torch.Size([6, 2929, 50])
Exponential sum:  tensor(9276.1875, grad_fn=<SumBackward0>)
tensor([[2.4681e-01, 2.5177e-01, 2.4850e-01, 2.5292e-01],
        [2.4635e-01, 2.4561e-01, 2.5186e-01, 2.5618e-01],
        [2.4591e-01, 2.5293e-01, 2.4826e-01, 2.5290e-01],
        ...,
        [2.4186e-05, 5.9226e-06, 1.7845e-01, 8.2152e-01],
        [2.5016e-01, 2.4849e-01, 2.4986e-01, 2.5149e-01],
        [2.5041e-01, 2.4909e-01, 2.4839e-01, 2.5211e-01]],
       grad_fn=<SoftmaxBackward0>)
Epoch: 0015 loss: 1.1008 acc_train: 0.6682
Parameter containing:
tensor([[ 0.0196,  0.1085, -0.1284,  ..., -0.0080,  0.0077, -0.1190],
        [-0.0031, -0.0081,  0.0059,  ..., -0.0076, -0.0893, -0.2454],
        [-0.2599,  0.0193,  0.0235,  ...,  0.0392,  0.0050,  0.2894],
        ...,
        [ 0.2159, -0.0408,  0.0330,  ...,  0.2073,  0.1993, -0.1247],
        [ 0.1102, -0.1026, -0.0228,  ...,  0.0016,  0.0557, -0.2490],
        [ 0.2089,  0.0598,  0.0968,  ...,  0.0252, -0.0999,  0.2826]],
       requires_grad=True)
torch.Size([6, 2929, 2929]) torch.Size([6, 2929, 50])
Exponential sum:  tensor(9959.6680, grad_fn=<SumBackward0>)
torch.Size([6, 2929, 2929]) torch.Size([6, 2929, 50])
Exponential sum:  tensor(9347.1416, grad_fn=<SumBackward0>)
tensor([[2.4729e-01, 2.5147e-01, 2.4863e-01, 2.5261e-01],
        [2.4691e-01, 2.4661e-01, 2.5149e-01, 2.5499e-01],
        [2.4684e-01, 2.5140e-01, 2.4906e-01, 2.5270e-01],
        ...,
        [5.1378e-06, 1.5566e-06, 7.5753e-02, 9.2424e-01],
        [2.5019e-01, 2.4900e-01, 2.4950e-01, 2.5131e-01],
        [2.5008e-01, 2.4957e-01, 2.4846e-01, 2.5190e-01]],
       grad_fn=<SoftmaxBackward0>)
Epoch: 0016 loss: 1.0739 acc_train: 0.6961
Parameter containing:
tensor([[ 0.0170,  0.0999, -0.1196,  ..., -0.0087,  0.0087, -0.1103],
        [ 0.0029, -0.0079,  0.0022,  ..., -0.0013, -0.0808, -0.2362],
        [-0.2506,  0.0225,  0.0254,  ...,  0.0317,  0.0104,  0.2801],
        ...,
        [ 0.2172, -0.0506,  0.0419,  ...,  0.2020,  0.1929, -0.1303],
        [ 0.1016, -0.0941, -0.0212,  ...,  0.0046,  0.0478, -0.2397],
        [ 0.1998,  0.0518,  0.0883,  ...,  0.0256, -0.0914,  0.2733]],
       requires_grad=True)
torch.Size([6, 2929, 2929]) torch.Size([6, 2929, 50])
Exponential sum:  tensor(10000.8975, grad_fn=<SumBackward0>)
torch.Size([6, 2929, 2929]) torch.Size([6, 2929, 50])
Exponential sum:  tensor(9429.6035, grad_fn=<SumBackward0>)
tensor([[2.4786e-01, 2.5115e-01, 2.4867e-01, 2.5232e-01],
        [2.4748e-01, 2.4747e-01, 2.5118e-01, 2.5387e-01],
        [2.4759e-01, 2.5033e-01, 2.4969e-01, 2.5240e-01],
        ...,
        [1.0797e-06, 4.2441e-07, 3.4690e-02, 9.6531e-01],
        [2.5007e-01, 2.4953e-01, 2.4924e-01, 2.5116e-01],
        [2.4983e-01, 2.4992e-01, 2.4864e-01, 2.5162e-01]],
       grad_fn=<SoftmaxBackward0>)
Epoch: 0017 loss: 1.0509 acc_train: 0.7084
Parameter containing:
tensor([[ 0.0140,  0.0915, -0.1111,  ..., -0.0084,  0.0088, -0.1018],
        [ 0.0083, -0.0069, -0.0013,  ...,  0.0044, -0.0727, -0.2270],
        [-0.2414,  0.0250,  0.0265,  ...,  0.0245,  0.0150,  0.2708],
        ...,
        [ 0.2176, -0.0598,  0.0495,  ...,  0.1965,  0.1864, -0.1351],
        [ 0.0932, -0.0858, -0.0189,  ...,  0.0071,  0.0402, -0.2306],
        [ 0.1907,  0.0441,  0.0800,  ...,  0.0252, -0.0831,  0.2640]],
       requires_grad=True)
torch.Size([6, 2929, 2929]) torch.Size([6, 2929, 50])
Exponential sum:  tensor(10039.4980, grad_fn=<SumBackward0>)
torch.Size([6, 2929, 2929]) torch.Size([6, 2929, 50])
Exponential sum:  tensor(9533.2109, grad_fn=<SumBackward0>)
tensor([[2.4818e-01, 2.5108e-01, 2.4877e-01, 2.5196e-01],
        [2.4801e-01, 2.4814e-01, 2.5092e-01, 2.5293e-01],
        [2.4824e-01, 2.4963e-01, 2.5008e-01, 2.5206e-01],
        ...,
        [2.0910e-07, 1.2057e-07, 1.2589e-02, 9.8741e-01],
        [2.4987e-01, 2.4981e-01, 2.4917e-01, 2.5115e-01],
        [2.4962e-01, 2.5006e-01, 2.4892e-01, 2.5140e-01]],
       grad_fn=<SoftmaxBackward0>)
Epoch: 0018 loss: 1.0356 acc_train: 0.7117
Parameter containing:
tensor([[ 0.0107,  0.0833, -0.1027,  ..., -0.0073,  0.0081, -0.0935],
        [ 0.0131, -0.0052, -0.0044,  ...,  0.0095, -0.0647, -0.2180],
        [-0.2323,  0.0265,  0.0267,  ...,  0.0178,  0.0190,  0.2616],
        ...,
        [ 0.2170, -0.0676,  0.0553,  ...,  0.1906,  0.1797, -0.1384],
        [ 0.0850, -0.0776, -0.0161,  ...,  0.0087,  0.0330, -0.2215],
        [ 0.1818,  0.0368,  0.0720,  ...,  0.0240, -0.0750,  0.2549]],
       requires_grad=True)
torch.Size([6, 2929, 2929]) torch.Size([6, 2929, 50])
Exponential sum:  tensor(10077.7236, grad_fn=<SumBackward0>)
torch.Size([6, 2929, 2929]) torch.Size([6, 2929, 50])
Exponential sum:  tensor(9561.5176, grad_fn=<SumBackward0>)
tensor([[2.4845e-01, 2.5096e-01, 2.4901e-01, 2.5159e-01],
        [2.4854e-01, 2.4868e-01, 2.5062e-01, 2.5216e-01],
        [2.4881e-01, 2.4922e-01, 2.5028e-01, 2.5169e-01],
        ...,
        [3.5075e-08, 3.4602e-08, 2.8929e-03, 9.9711e-01],
        [2.4981e-01, 2.4992e-01, 2.4916e-01, 2.5111e-01],
        [2.4935e-01, 2.5026e-01, 2.4919e-01, 2.5119e-01]],
       grad_fn=<SoftmaxBackward0>)
Epoch: 0019 loss: 1.0240 acc_train: 0.7184
Parameter containing:
tensor([[ 0.0072,  0.0754, -0.0945,  ..., -0.0056,  0.0066, -0.0854],
        [ 0.0172, -0.0031, -0.0069,  ...,  0.0140, -0.0571, -0.2091],
        [-0.2233,  0.0273,  0.0261,  ...,  0.0114,  0.0222,  0.2526],
        ...,
        [ 0.2152, -0.0738,  0.0589,  ...,  0.1844,  0.1728, -0.1401],
        [ 0.0770, -0.0698, -0.0130,  ...,  0.0095,  0.0261, -0.2126],
        [ 0.1731,  0.0298,  0.0642,  ...,  0.0222, -0.0672,  0.2458]],
       requires_grad=True)
torch.Size([6, 2929, 2929]) torch.Size([6, 2929, 50])
Exponential sum:  tensor(10115.2266, grad_fn=<SumBackward0>)
torch.Size([6, 2929, 2929]) torch.Size([6, 2929, 50])
Exponential sum:  tensor(9607.2354, grad_fn=<SumBackward0>)
tensor([[2.4867e-01, 2.5081e-01, 2.4927e-01, 2.5125e-01],
        [2.4893e-01, 2.4909e-01, 2.5039e-01, 2.5159e-01],
        [2.4924e-01, 2.4912e-01, 2.5030e-01, 2.5134e-01],
        ...,
        [6.4759e-09, 1.1490e-08, 5.9614e-04, 9.9940e-01],
        [2.4973e-01, 2.5007e-01, 2.4919e-01, 2.5101e-01],
        [2.4921e-01, 2.5037e-01, 2.4939e-01, 2.5103e-01]],
       grad_fn=<SoftmaxBackward0>)
Epoch: 0020 loss: 1.0174 acc_train: 0.7207
Parameter containing:
tensor([[ 0.0037,  0.0677, -0.0865,  ..., -0.0035,  0.0046, -0.0776],
        [ 0.0207, -0.0008, -0.0088,  ...,  0.0179, -0.0497, -0.2003],
        [-0.2145,  0.0274,  0.0249,  ...,  0.0055,  0.0247,  0.2436],
        ...,
        [ 0.2124, -0.0782,  0.0606,  ...,  0.1778,  0.1657, -0.1402],
        [ 0.0693, -0.0622, -0.0096,  ...,  0.0095,  0.0195, -0.2038],
        [ 0.1644,  0.0231,  0.0567,  ...,  0.0199, -0.0596,  0.2369]],
       requires_grad=True)
torch.Size([6, 2929, 2929]) torch.Size([6, 2929, 50])
Exponential sum:  tensor(10151.6289, grad_fn=<SumBackward0>)
torch.Size([6, 2929, 2929]) torch.Size([6, 2929, 50])
Exponential sum:  tensor(9675.3359, grad_fn=<SumBackward0>)
tensor([[2.4891e-01, 2.5069e-01, 2.4948e-01, 2.5092e-01],
        [2.4927e-01, 2.4937e-01, 2.5022e-01, 2.5114e-01],
        [2.4947e-01, 2.4920e-01, 2.5020e-01, 2.5112e-01],
        ...,
        [1.6079e-09, 4.8657e-09, 1.5217e-04, 9.9985e-01],
        [2.4964e-01, 2.5014e-01, 2.4931e-01, 2.5091e-01],
        [2.4918e-01, 2.5050e-01, 2.4949e-01, 2.5084e-01]],
       grad_fn=<SoftmaxBackward0>)
Epoch: 0021 loss: 1.0144 acc_train: 0.7218
Parameter containing:
tensor([[ 3.5376e-04,  6.0268e-02, -7.8784e-02,  ..., -1.2027e-03,
          2.4129e-03, -6.9968e-02],
        [ 2.3483e-02,  1.2876e-03, -9.8272e-03,  ...,  2.1199e-02,
         -4.2686e-02, -1.9158e-01],
        [-2.0572e-01,  2.6761e-02,  2.3162e-02,  ...,  1.1210e-04,
          2.6563e-02,  2.3473e-01],
        ...,
        [ 2.0876e-01, -8.1041e-02,  6.0594e-02,  ...,  1.7100e-01,
          1.5842e-01, -1.3906e-01],
        [ 6.1816e-02, -5.4846e-02, -6.2038e-03,  ...,  8.7518e-03,
          1.3433e-02, -1.9507e-01],
        [ 1.5597e-01,  1.6859e-02,  4.9507e-02,  ...,  1.7130e-02,
         -5.2335e-02,  2.2805e-01]], requires_grad=True)
torch.Size([6, 2929, 2929]) torch.Size([6, 2929, 50])
Exponential sum:  tensor(10186.1406, grad_fn=<SumBackward0>)
torch.Size([6, 2929, 2929]) torch.Size([6, 2929, 50])
Exponential sum:  tensor(9776.6709, grad_fn=<SumBackward0>)
tensor([[2.4920e-01, 2.5054e-01, 2.4964e-01, 2.5063e-01],
        [2.4950e-01, 2.4956e-01, 2.5010e-01, 2.5084e-01],
        [2.4962e-01, 2.4935e-01, 2.5009e-01, 2.5094e-01],
        ...,
        [5.7558e-10, 2.6837e-09, 5.5931e-05, 9.9994e-01],
        [2.4972e-01, 2.5015e-01, 2.4942e-01, 2.5071e-01],
        [2.4930e-01, 2.5044e-01, 2.4960e-01, 2.5066e-01]],
       grad_fn=<SoftmaxBackward0>)
Epoch: 0022 loss: 1.0121 acc_train: 0.7240
Parameter containing:
tensor([[-2.7056e-03,  5.3114e-02, -7.1294e-02,  ...,  9.8407e-04,
          1.4638e-04, -6.2626e-02],
        [ 2.5639e-02,  3.0861e-03, -1.0140e-02,  ...,  2.3830e-02,
         -3.5952e-02, -1.8304e-01],
        [-1.9710e-01,  2.5559e-02,  2.0923e-02,  ..., -4.8232e-03,
          2.7728e-02,  2.2599e-01],
        ...,
        [ 2.0436e-01, -8.2405e-02,  5.9092e-02,  ...,  1.6397e-01,
          1.5104e-01, -1.3675e-01],
        [ 5.4629e-02, -4.7803e-02, -2.8341e-03,  ...,  7.4076e-03,
          7.7360e-03, -1.8651e-01],
        [ 1.4765e-01,  1.1005e-02,  4.2589e-02,  ...,  1.4098e-02,
         -4.5351e-02,  2.1933e-01]], requires_grad=True)
torch.Size([6, 2929, 2929]) torch.Size([6, 2929, 50])
Exponential sum:  tensor(10218.0781, grad_fn=<SumBackward0>)
torch.Size([6, 2929, 2929]) torch.Size([6, 2929, 50])
Exponential sum:  tensor(9924.0332, grad_fn=<SumBackward0>)
tensor([[2.4940e-01, 2.5037e-01, 2.4974e-01, 2.5048e-01],
        [2.4963e-01, 2.4974e-01, 2.4997e-01, 2.5065e-01],
        [2.4968e-01, 2.4958e-01, 2.4999e-01, 2.5075e-01],
        ...,
        [2.8943e-10, 1.8569e-09, 2.7888e-05, 9.9997e-01],
        [2.4981e-01, 2.5011e-01, 2.4953e-01, 2.5055e-01],
        [2.4947e-01, 2.5027e-01, 2.4976e-01, 2.5050e-01]],
       grad_fn=<SoftmaxBackward0>)
Epoch: 0023 loss: 1.0106 acc_train: 0.7251
Parameter containing:
tensor([[-0.0054,  0.0462, -0.0641,  ...,  0.0029, -0.0019, -0.0556],
        [ 0.0272,  0.0044, -0.0097,  ...,  0.0258, -0.0296, -0.1746],
        [-0.1886,  0.0239,  0.0183,  ..., -0.0093,  0.0283,  0.2174],
        ...,
        [ 0.1993, -0.0825,  0.0564,  ...,  0.1568,  0.1436, -0.1335],
        [ 0.0477, -0.0411,  0.0003,  ...,  0.0056,  0.0025, -0.1781],
        [ 0.1395,  0.0056,  0.0360,  ...,  0.0109, -0.0387,  0.2107]],
       requires_grad=True)
torch.Size([6, 2929, 2929]) torch.Size([6, 2929, 50])
Exponential sum:  tensor(10246.5137, grad_fn=<SumBackward0>)
torch.Size([6, 2929, 2929]) torch.Size([6, 2929, 50])
Exponential sum:  tensor(10059.5830, grad_fn=<SumBackward0>)
tensor([[2.4959e-01, 2.5027e-01, 2.4980e-01, 2.5034e-01],
        [2.4965e-01, 2.4974e-01, 2.5003e-01, 2.5058e-01],
        [2.4968e-01, 2.4983e-01, 2.4991e-01, 2.5058e-01],
        ...,
        [1.6289e-10, 1.4040e-09, 1.3055e-05, 9.9999e-01],
        [2.4988e-01, 2.5006e-01, 2.4966e-01, 2.5040e-01],
        [2.4968e-01, 2.5013e-01, 2.4988e-01, 2.5032e-01]],
       grad_fn=<SoftmaxBackward0>)
Epoch: 0024 loss: 1.0093 acc_train: 0.7274
Parameter containing:
tensor([[-0.0075,  0.0397, -0.0571,  ...,  0.0043, -0.0036, -0.0488],
        [ 0.0281,  0.0050, -0.0087,  ...,  0.0273, -0.0235, -0.1664],
        [-0.1803,  0.0217,  0.0154,  ..., -0.0132,  0.0282,  0.2089],
        ...,
        [ 0.1938, -0.0814,  0.0527,  ...,  0.1495,  0.1361, -0.1294],
        [ 0.0411, -0.0346,  0.0032,  ...,  0.0035, -0.0023, -0.1698],
        [ 0.1315,  0.0006,  0.0297,  ...,  0.0076, -0.0323,  0.2023]],
       requires_grad=True)
torch.Size([6, 2929, 2929]) torch.Size([6, 2929, 50])
Exponential sum:  tensor(10270.5869, grad_fn=<SumBackward0>)
torch.Size([6, 2929, 2929]) torch.Size([6, 2929, 50])
Exponential sum:  tensor(9396.4199, grad_fn=<SumBackward0>)
tensor([[2.4970e-01, 2.5019e-01, 2.4989e-01, 2.5022e-01],
        [2.4961e-01, 2.4968e-01, 2.5013e-01, 2.5058e-01],
        [2.4962e-01, 2.4999e-01, 2.4994e-01, 2.5045e-01],
        ...,
        [9.3704e-11, 1.1122e-09, 5.2839e-06, 9.9999e-01],
        [2.4991e-01, 2.5005e-01, 2.4976e-01, 2.5029e-01],
        [2.4984e-01, 2.5009e-01, 2.4989e-01, 2.5017e-01]],
       grad_fn=<SoftmaxBackward0>)
Epoch: 0025 loss: 1.0073 acc_train: 0.7285
Parameter containing:
tensor([[-0.0092,  0.0334, -0.0504,  ...,  0.0051, -0.0048, -0.0423],
        [ 0.0284,  0.0050, -0.0072,  ...,  0.0281, -0.0178, -0.1583],
        [-0.1721,  0.0193,  0.0124,  ..., -0.0166,  0.0276,  0.2005],
        ...,
        [ 0.1878, -0.0793,  0.0482,  ...,  0.1421,  0.1286, -0.1246],
        [ 0.0348, -0.0285,  0.0057,  ...,  0.0014, -0.0067, -0.1617],
        [ 0.1237, -0.0040,  0.0238,  ...,  0.0044, -0.0263,  0.1940]],
       requires_grad=True)
torch.Size([6, 2929, 2929]) torch.Size([6, 2929, 50])
Exponential sum:  tensor(10290.9443)
torch.Size([6, 2929, 2929]) torch.Size([6, 2929, 50])
Exponential sum:  tensor(9179.8398)
tensor([[2.4979e-01, 2.5015e-01, 2.4995e-01, 2.5011e-01],
        [2.4960e-01, 2.4962e-01, 2.5020e-01, 2.5059e-01],
        [2.4963e-01, 2.5004e-01, 2.5001e-01, 2.5031e-01],
        ...,
        [5.9668e-11, 9.6466e-10, 2.1993e-06, 1.0000e+00],
        [2.4990e-01, 2.5004e-01, 2.4982e-01, 2.5024e-01],
        [2.4991e-01, 2.4999e-01, 2.4995e-01, 2.5015e-01]])
Start RGAT_emb
M_l2:  tensor([[[0., 0., 0.,  ..., 0., 0., 0.],
         [0., 0., 0.,  ..., 0., 0., 0.],
         [0., 0., 0.,  ..., 0., 0., 0.],
         ...,
         [0., 0., 0.,  ..., 0., 0., 0.],
         [0., 0., 0.,  ..., 0., 0., 0.],
         [0., 0., 0.,  ..., 0., 0., 0.]],

        [[0., 0., 0.,  ..., 0., 0., 0.],
         [0., 0., 0.,  ..., 0., 0., 0.],
         [0., 0., 0.,  ..., 0., 0., 0.],
         ...,
         [0., 0., 0.,  ..., 0., 0., 0.],
         [0., 0., 0.,  ..., 0., 0., 0.],
         [0., 0., 0.,  ..., 0., 0., 0.]],

        [[0., 0., 0.,  ..., 0., 0., 0.],
         [0., 0., 0.,  ..., 0., 0., 0.],
         [0., 0., 0.,  ..., 0., 0., 0.],
         ...,
         [0., 0., 0.,  ..., 0., 0., 0.],
         [0., 0., 0.,  ..., 0., 0., 0.],
         [0., 0., 0.,  ..., 0., 0., 0.]],

        [[0., 0., 0.,  ..., 0., 0., 0.],
         [0., 0., 0.,  ..., 0., 0., 0.],
         [0., 0., 0.,  ..., 0., 0., 0.],
         ...,
         [0., 0., 0.,  ..., 0., 0., 0.],
         [0., 0., 0.,  ..., 0., 0., 0.],
         [0., 0., 0.,  ..., 0., 0., 0.]],

        [[0., 0., 0.,  ..., 0., 0., 0.],
         [0., 0., 0.,  ..., 0., 0., 0.],
         [0., 0., 0.,  ..., 0., 0., 0.],
         ...,
         [0., 0., 0.,  ..., 0., 0., 0.],
         [0., 0., 0.,  ..., 0., 0., 0.],
         [0., 0., 0.,  ..., 0., 0., 0.]],

        [[0., 0., 0.,  ..., 0., 0., 0.],
         [0., 0., 0.,  ..., 0., 0., 0.],
         [0., 0., 0.,  ..., 0., 0., 0.],
         ...,
         [0., 0., 0.,  ..., 0., 0., 0.],
         [0., 0., 0.,  ..., 0., 0., 0.],
         [0., 0., 0.,  ..., 0., 0., 0.]]])
Parameter containing:
tensor([[-0.0092,  0.0334, -0.0504,  ...,  0.0051, -0.0048, -0.0423],
        [ 0.0284,  0.0050, -0.0072,  ...,  0.0281, -0.0178, -0.1583],
        [-0.1721,  0.0193,  0.0124,  ..., -0.0166,  0.0276,  0.2005],
        ...,
        [ 0.1878, -0.0793,  0.0482,  ...,  0.1421,  0.1286, -0.1246],
        [ 0.0348, -0.0285,  0.0057,  ...,  0.0014, -0.0067, -0.1617],
        [ 0.1237, -0.0040,  0.0238,  ...,  0.0044, -0.0263,  0.1940]],
       requires_grad=True)
torch.Size([6, 2929, 2929]) torch.Size([6, 2929, 50])
Exponential sum:  tensor(10290.9443)
torch.Size([6, 2929, 2929]) torch.Size([6, 2929, 50])
Exponential sum:  tensor(9179.8398)
tensor([[2.4979e-01, 2.5015e-01, 2.4995e-01, 2.5011e-01],
        [2.4960e-01, 2.4962e-01, 2.5020e-01, 2.5059e-01],
        [2.4963e-01, 2.5004e-01, 2.5001e-01, 2.5031e-01],
        ...,
        [5.9668e-11, 9.6466e-10, 2.1993e-06, 1.0000e+00],
        [2.4990e-01, 2.5004e-01, 2.4982e-01, 2.5024e-01],
        [2.4991e-01, 2.4999e-01, 2.4995e-01, 2.5015e-01]])
Parameter containing:
tensor([[-0.0092,  0.0334, -0.0504,  ...,  0.0051, -0.0048, -0.0423],
        [ 0.0284,  0.0050, -0.0072,  ...,  0.0281, -0.0178, -0.1583],
        [-0.1721,  0.0193,  0.0124,  ..., -0.0166,  0.0276,  0.2005],
        ...,
        [ 0.1878, -0.0793,  0.0482,  ...,  0.1421,  0.1286, -0.1246],
        [ 0.0348, -0.0285,  0.0057,  ...,  0.0014, -0.0067, -0.1617],
        [ 0.1237, -0.0040,  0.0238,  ...,  0.0044, -0.0263,  0.1940]],
       requires_grad=True)
torch.Size([6, 2929, 2929]) torch.Size([6, 2929, 50])
Exponential sum:  tensor(10290.9443)
torch.Size([6, 2929, 2929]) torch.Size([6, 2929, 50])
Exponential sum:  tensor(9179.8398)
tensor([[2.4979e-01, 2.5015e-01, 2.4995e-01, 2.5011e-01],
        [2.4960e-01, 2.4962e-01, 2.5020e-01, 2.5059e-01],
        [2.4963e-01, 2.5004e-01, 2.5001e-01, 2.5031e-01],
        ...,
        [5.9668e-11, 9.6466e-10, 2.1993e-06, 1.0000e+00],
        [2.4990e-01, 2.5004e-01, 2.4982e-01, 2.5024e-01],
        [2.4991e-01, 2.4999e-01, 2.4995e-01, 2.5015e-01]])
tensor(indices=tensor([[1205],
                       [   0]]),
       values=tensor([1.]),
       size=(2929, 4), nnz=1, layout=torch.sparse_coo)
torch.Size([6, 2929, 2929]) torch.Size([6, 2929, 50])
torch.Size([6, 2929, 2929]) torch.Size([6, 2929, 50])
Parameter containing:
tensor([[-0.0092,  0.0334, -0.0504,  ...,  0.0051, -0.0048, -0.0423],
        [ 0.0284,  0.0050, -0.0072,  ...,  0.0281, -0.0178, -0.1583],
        [-0.1721,  0.0193,  0.0124,  ..., -0.0166,  0.0276,  0.2005],
        ...,
        [ 0.1878, -0.0793,  0.0482,  ...,  0.1421,  0.1286, -0.1246],
        [ 0.0348, -0.0285,  0.0057,  ...,  0.0014, -0.0067, -0.1617],
        [ 0.1237, -0.0040,  0.0238,  ...,  0.0044, -0.0263,  0.1940]],
       requires_grad=True)
torch.Size([6, 2929, 2929]) torch.Size([6, 2929, 50])
Exponential sum:  tensor(10290.9443)
torch.Size([6, 2929, 2929]) torch.Size([6, 2929, 50])
Exponential sum:  tensor(9179.8398)
tensor([[2.4979e-01, 2.5015e-01, 2.4995e-01, 2.5011e-01],
        [2.4960e-01, 2.4962e-01, 2.5020e-01, 2.5059e-01],
        [2.4963e-01, 2.5004e-01, 2.5001e-01, 2.5031e-01],
        ...,
        [5.9668e-11, 9.6466e-10, 2.1993e-06, 1.0000e+00],
        [2.4990e-01, 2.5004e-01, 2.4982e-01, 2.5024e-01],
        [2.4991e-01, 2.4999e-01, 2.4995e-01, 2.5015e-01]])
tensor(indices=tensor([[2455],
                       [   3]]),
       values=tensor([1.]),
       size=(2929, 4), nnz=1, layout=torch.sparse_coo)
torch.Size([6, 2929, 2929]) torch.Size([6, 2929, 50])
torch.Size([6, 2929, 2929]) torch.Size([6, 2929, 50])
Parameter containing:
tensor([[-0.0092,  0.0334, -0.0504,  ...,  0.0051, -0.0048, -0.0423],
        [ 0.0284,  0.0050, -0.0072,  ...,  0.0281, -0.0178, -0.1583],
        [-0.1721,  0.0193,  0.0124,  ..., -0.0166,  0.0276,  0.2005],
        ...,
        [ 0.1878, -0.0793,  0.0482,  ...,  0.1421,  0.1286, -0.1246],
        [ 0.0348, -0.0285,  0.0057,  ...,  0.0014, -0.0067, -0.1617],
        [ 0.1237, -0.0040,  0.0238,  ...,  0.0044, -0.0263,  0.1940]],
       requires_grad=True)
torch.Size([6, 2929, 2929]) torch.Size([6, 2929, 50])
Exponential sum:  tensor(10290.9443)
torch.Size([6, 2929, 2929]) torch.Size([6, 2929, 50])
Exponential sum:  tensor(9179.8398)
tensor([[2.4979e-01, 2.5015e-01, 2.4995e-01, 2.5011e-01],
        [2.4960e-01, 2.4962e-01, 2.5020e-01, 2.5059e-01],
        [2.4963e-01, 2.5004e-01, 2.5001e-01, 2.5031e-01],
        ...,
        [5.9668e-11, 9.6466e-10, 2.1993e-06, 1.0000e+00],
        [2.4990e-01, 2.5004e-01, 2.4982e-01, 2.5024e-01],
        [2.4991e-01, 2.4999e-01, 2.4995e-01, 2.5015e-01]])
tensor(indices=tensor([[831],
                       [  3]]),
       values=tensor([1.]),
       size=(2929, 4), nnz=1, layout=torch.sparse_coo)
torch.Size([6, 2929, 2929]) torch.Size([6, 2929, 50])
torch.Size([6, 2929, 2929]) torch.Size([6, 2929, 50])
Parameter containing:
tensor([[-0.0092,  0.0334, -0.0504,  ...,  0.0051, -0.0048, -0.0423],
        [ 0.0284,  0.0050, -0.0072,  ...,  0.0281, -0.0178, -0.1583],
        [-0.1721,  0.0193,  0.0124,  ..., -0.0166,  0.0276,  0.2005],
        ...,
        [ 0.1878, -0.0793,  0.0482,  ...,  0.1421,  0.1286, -0.1246],
        [ 0.0348, -0.0285,  0.0057,  ...,  0.0014, -0.0067, -0.1617],
        [ 0.1237, -0.0040,  0.0238,  ...,  0.0044, -0.0263,  0.1940]],
       requires_grad=True)
torch.Size([6, 2929, 2929]) torch.Size([6, 2929, 50])
Exponential sum:  tensor(10290.9443)
torch.Size([6, 2929, 2929]) torch.Size([6, 2929, 50])
Exponential sum:  tensor(9179.8398)
tensor([[2.4979e-01, 2.5015e-01, 2.4995e-01, 2.5011e-01],
        [2.4960e-01, 2.4962e-01, 2.5020e-01, 2.5059e-01],
        [2.4963e-01, 2.5004e-01, 2.5001e-01, 2.5031e-01],
        ...,
        [5.9668e-11, 9.6466e-10, 2.1993e-06, 1.0000e+00],
        [2.4990e-01, 2.5004e-01, 2.4982e-01, 2.5024e-01],
        [2.4991e-01, 2.4999e-01, 2.4995e-01, 2.5015e-01]])
tensor(indices=tensor([[1242],
                       [   3]]),
       values=tensor([1.]),
       size=(2929, 4), nnz=1, layout=torch.sparse_coo)
torch.Size([6, 2929, 2929]) torch.Size([6, 2929, 50])
torch.Size([6, 2929, 2929]) torch.Size([6, 2929, 50])
Parameter containing:
tensor([[-0.0092,  0.0334, -0.0504,  ...,  0.0051, -0.0048, -0.0423],
        [ 0.0284,  0.0050, -0.0072,  ...,  0.0281, -0.0178, -0.1583],
        [-0.1721,  0.0193,  0.0124,  ..., -0.0166,  0.0276,  0.2005],
        ...,
        [ 0.1878, -0.0793,  0.0482,  ...,  0.1421,  0.1286, -0.1246],
        [ 0.0348, -0.0285,  0.0057,  ...,  0.0014, -0.0067, -0.1617],
        [ 0.1237, -0.0040,  0.0238,  ...,  0.0044, -0.0263,  0.1940]],
       requires_grad=True)
torch.Size([6, 2929, 2929]) torch.Size([6, 2929, 50])
Exponential sum:  tensor(10290.9443)
torch.Size([6, 2929, 2929]) torch.Size([6, 2929, 50])
Exponential sum:  tensor(9179.8398)
tensor([[2.4979e-01, 2.5015e-01, 2.4995e-01, 2.5011e-01],
        [2.4960e-01, 2.4962e-01, 2.5020e-01, 2.5059e-01],
        [2.4963e-01, 2.5004e-01, 2.5001e-01, 2.5031e-01],
        ...,
        [5.9668e-11, 9.6466e-10, 2.1993e-06, 1.0000e+00],
        [2.4990e-01, 2.5004e-01, 2.4982e-01, 2.5024e-01],
        [2.4991e-01, 2.4999e-01, 2.4995e-01, 2.5015e-01]])
tensor(indices=tensor([[2845],
                       [   1]]),
       values=tensor([1.]),
       size=(2929, 4), nnz=1, layout=torch.sparse_coo)
torch.Size([6, 2929, 2929]) torch.Size([6, 2929, 50])
torch.Size([6, 2929, 2929]) torch.Size([6, 2929, 50])
Parameter containing:
tensor([[-0.0092,  0.0334, -0.0504,  ...,  0.0051, -0.0048, -0.0423],
        [ 0.0284,  0.0050, -0.0072,  ...,  0.0281, -0.0178, -0.1583],
        [-0.1721,  0.0193,  0.0124,  ..., -0.0166,  0.0276,  0.2005],
        ...,
        [ 0.1878, -0.0793,  0.0482,  ...,  0.1421,  0.1286, -0.1246],
        [ 0.0348, -0.0285,  0.0057,  ...,  0.0014, -0.0067, -0.1617],
        [ 0.1237, -0.0040,  0.0238,  ...,  0.0044, -0.0263,  0.1940]],
       requires_grad=True)
torch.Size([6, 2929, 2929]) torch.Size([6, 2929, 50])
Exponential sum:  tensor(10290.9443)
torch.Size([6, 2929, 2929]) torch.Size([6, 2929, 50])
Exponential sum:  tensor(9179.8398)
tensor([[2.4979e-01, 2.5015e-01, 2.4995e-01, 2.5011e-01],
        [2.4960e-01, 2.4962e-01, 2.5020e-01, 2.5059e-01],
        [2.4963e-01, 2.5004e-01, 2.5001e-01, 2.5031e-01],
        ...,
        [5.9668e-11, 9.6466e-10, 2.1993e-06, 1.0000e+00],
        [2.4990e-01, 2.5004e-01, 2.4982e-01, 2.5024e-01],
        [2.4991e-01, 2.4999e-01, 2.4995e-01, 2.5015e-01]])
tensor(indices=tensor([[1794],
                       [   1]]),
       values=tensor([1.]),
       size=(2929, 4), nnz=1, layout=torch.sparse_coo)
torch.Size([6, 2929, 2929]) torch.Size([6, 2929, 50])
torch.Size([6, 2929, 2929]) torch.Size([6, 2929, 50])
Parameter containing:
tensor([[-0.0092,  0.0334, -0.0504,  ...,  0.0051, -0.0048, -0.0423],
        [ 0.0284,  0.0050, -0.0072,  ...,  0.0281, -0.0178, -0.1583],
        [-0.1721,  0.0193,  0.0124,  ..., -0.0166,  0.0276,  0.2005],
        ...,
        [ 0.1878, -0.0793,  0.0482,  ...,  0.1421,  0.1286, -0.1246],
        [ 0.0348, -0.0285,  0.0057,  ...,  0.0014, -0.0067, -0.1617],
        [ 0.1237, -0.0040,  0.0238,  ...,  0.0044, -0.0263,  0.1940]],
       requires_grad=True)
torch.Size([6, 2929, 2929]) torch.Size([6, 2929, 50])
Exponential sum:  tensor(10290.9443)
torch.Size([6, 2929, 2929]) torch.Size([6, 2929, 50])
Exponential sum:  tensor(9179.8398)
tensor([[2.4979e-01, 2.5015e-01, 2.4995e-01, 2.5011e-01],
        [2.4960e-01, 2.4962e-01, 2.5020e-01, 2.5059e-01],
        [2.4963e-01, 2.5004e-01, 2.5001e-01, 2.5031e-01],
        ...,
        [5.9668e-11, 9.6466e-10, 2.1993e-06, 1.0000e+00],
        [2.4990e-01, 2.5004e-01, 2.4982e-01, 2.5024e-01],
        [2.4991e-01, 2.4999e-01, 2.4995e-01, 2.5015e-01]])
tensor(indices=tensor([[2178],
                       [   2]]),
       values=tensor([1.]),
       size=(2929, 4), nnz=1, layout=torch.sparse_coo)
torch.Size([6, 2929, 2929]) torch.Size([6, 2929, 50])
torch.Size([6, 2929, 2929]) torch.Size([6, 2929, 50])
Parameter containing:
tensor([[-0.0092,  0.0334, -0.0504,  ...,  0.0051, -0.0048, -0.0423],
        [ 0.0284,  0.0050, -0.0072,  ...,  0.0281, -0.0178, -0.1583],
        [-0.1721,  0.0193,  0.0124,  ..., -0.0166,  0.0276,  0.2005],
        ...,
        [ 0.1878, -0.0793,  0.0482,  ...,  0.1421,  0.1286, -0.1246],
        [ 0.0348, -0.0285,  0.0057,  ...,  0.0014, -0.0067, -0.1617],
        [ 0.1237, -0.0040,  0.0238,  ...,  0.0044, -0.0263,  0.1940]],
       requires_grad=True)
torch.Size([6, 2929, 2929]) torch.Size([6, 2929, 50])
Exponential sum:  tensor(10290.9443)
torch.Size([6, 2929, 2929]) torch.Size([6, 2929, 50])
Exponential sum:  tensor(9179.8398)
tensor([[2.4979e-01, 2.5015e-01, 2.4995e-01, 2.5011e-01],
        [2.4960e-01, 2.4962e-01, 2.5020e-01, 2.5059e-01],
        [2.4963e-01, 2.5004e-01, 2.5001e-01, 2.5031e-01],
        ...,
        [5.9668e-11, 9.6466e-10, 2.1993e-06, 1.0000e+00],
        [2.4990e-01, 2.5004e-01, 2.4982e-01, 2.5024e-01],
        [2.4991e-01, 2.4999e-01, 2.4995e-01, 2.5015e-01]])
tensor(indices=tensor([[1138],
                       [   1]]),
       values=tensor([1.]),
       size=(2929, 4), nnz=1, layout=torch.sparse_coo)
torch.Size([6, 2929, 2929]) torch.Size([6, 2929, 50])
torch.Size([6, 2929, 2929]) torch.Size([6, 2929, 50])
Parameter containing:
tensor([[-0.0092,  0.0334, -0.0504,  ...,  0.0051, -0.0048, -0.0423],
        [ 0.0284,  0.0050, -0.0072,  ...,  0.0281, -0.0178, -0.1583],
        [-0.1721,  0.0193,  0.0124,  ..., -0.0166,  0.0276,  0.2005],
        ...,
        [ 0.1878, -0.0793,  0.0482,  ...,  0.1421,  0.1286, -0.1246],
        [ 0.0348, -0.0285,  0.0057,  ...,  0.0014, -0.0067, -0.1617],
        [ 0.1237, -0.0040,  0.0238,  ...,  0.0044, -0.0263,  0.1940]],
       requires_grad=True)
torch.Size([6, 2929, 2929]) torch.Size([6, 2929, 50])
Exponential sum:  tensor(10290.9443)
torch.Size([6, 2929, 2929]) torch.Size([6, 2929, 50])
Exponential sum:  tensor(9179.8398)
tensor([[2.4979e-01, 2.5015e-01, 2.4995e-01, 2.5011e-01],
        [2.4960e-01, 2.4962e-01, 2.5020e-01, 2.5059e-01],
        [2.4963e-01, 2.5004e-01, 2.5001e-01, 2.5031e-01],
        ...,
        [5.9668e-11, 9.6466e-10, 2.1993e-06, 1.0000e+00],
        [2.4990e-01, 2.5004e-01, 2.4982e-01, 2.5024e-01],
        [2.4991e-01, 2.4999e-01, 2.4995e-01, 2.5015e-01]])
tensor(indices=tensor([[877],
                       [  3]]),
       values=tensor([1.]),
       size=(2929, 4), nnz=1, layout=torch.sparse_coo)
torch.Size([6, 2929, 2929]) torch.Size([6, 2929, 50])
torch.Size([6, 2929, 2929]) torch.Size([6, 2929, 50])
Parameter containing:
tensor([[-0.0092,  0.0334, -0.0504,  ...,  0.0051, -0.0048, -0.0423],
        [ 0.0284,  0.0050, -0.0072,  ...,  0.0281, -0.0178, -0.1583],
        [-0.1721,  0.0193,  0.0124,  ..., -0.0166,  0.0276,  0.2005],
        ...,
        [ 0.1878, -0.0793,  0.0482,  ...,  0.1421,  0.1286, -0.1246],
        [ 0.0348, -0.0285,  0.0057,  ...,  0.0014, -0.0067, -0.1617],
        [ 0.1237, -0.0040,  0.0238,  ...,  0.0044, -0.0263,  0.1940]],
       requires_grad=True)
torch.Size([6, 2929, 2929]) torch.Size([6, 2929, 50])
Exponential sum:  tensor(10290.9443)
torch.Size([6, 2929, 2929]) torch.Size([6, 2929, 50])
Exponential sum:  tensor(9179.8398)
tensor([[2.4979e-01, 2.5015e-01, 2.4995e-01, 2.5011e-01],
        [2.4960e-01, 2.4962e-01, 2.5020e-01, 2.5059e-01],
        [2.4963e-01, 2.5004e-01, 2.5001e-01, 2.5031e-01],
        ...,
        [5.9668e-11, 9.6466e-10, 2.1993e-06, 1.0000e+00],
        [2.4990e-01, 2.5004e-01, 2.4982e-01, 2.5024e-01],
        [2.4991e-01, 2.4999e-01, 2.4995e-01, 2.5015e-01]])
tensor(indices=tensor([[646],
                       [  1]]),
       values=tensor([1.]),
       size=(2929, 4), nnz=1, layout=torch.sparse_coo)
torch.Size([6, 2929, 2929]) torch.Size([6, 2929, 50])
torch.Size([6, 2929, 2929]) torch.Size([6, 2929, 50])
Parameter containing:
tensor([[-0.0092,  0.0334, -0.0504,  ...,  0.0051, -0.0048, -0.0423],
        [ 0.0284,  0.0050, -0.0072,  ...,  0.0281, -0.0178, -0.1583],
        [-0.1721,  0.0193,  0.0124,  ..., -0.0166,  0.0276,  0.2005],
        ...,
        [ 0.1878, -0.0793,  0.0482,  ...,  0.1421,  0.1286, -0.1246],
        [ 0.0348, -0.0285,  0.0057,  ...,  0.0014, -0.0067, -0.1617],
        [ 0.1237, -0.0040,  0.0238,  ...,  0.0044, -0.0263,  0.1940]],
       requires_grad=True)
torch.Size([6, 2929, 2929]) torch.Size([6, 2929, 50])
Exponential sum:  tensor(10290.9443)
torch.Size([6, 2929, 2929]) torch.Size([6, 2929, 50])
Exponential sum:  tensor(9179.8398)
tensor([[2.4979e-01, 2.5015e-01, 2.4995e-01, 2.5011e-01],
        [2.4960e-01, 2.4962e-01, 2.5020e-01, 2.5059e-01],
        [2.4963e-01, 2.5004e-01, 2.5001e-01, 2.5031e-01],
        ...,
        [5.9668e-11, 9.6466e-10, 2.1993e-06, 1.0000e+00],
        [2.4990e-01, 2.5004e-01, 2.4982e-01, 2.5024e-01],
        [2.4991e-01, 2.4999e-01, 2.4995e-01, 2.5015e-01]])
tensor(indices=tensor([[1760],
                       [   2]]),
       values=tensor([1.]),
       size=(2929, 4), nnz=1, layout=torch.sparse_coo)
torch.Size([6, 2929, 2929]) torch.Size([6, 2929, 50])
torch.Size([6, 2929, 2929]) torch.Size([6, 2929, 50])
Parameter containing:
tensor([[-0.0092,  0.0334, -0.0504,  ...,  0.0051, -0.0048, -0.0423],
        [ 0.0284,  0.0050, -0.0072,  ...,  0.0281, -0.0178, -0.1583],
        [-0.1721,  0.0193,  0.0124,  ..., -0.0166,  0.0276,  0.2005],
        ...,
        [ 0.1878, -0.0793,  0.0482,  ...,  0.1421,  0.1286, -0.1246],
        [ 0.0348, -0.0285,  0.0057,  ...,  0.0014, -0.0067, -0.1617],
        [ 0.1237, -0.0040,  0.0238,  ...,  0.0044, -0.0263,  0.1940]],
       requires_grad=True)
torch.Size([6, 2929, 2929]) torch.Size([6, 2929, 50])
Exponential sum:  tensor(10290.9443)
torch.Size([6, 2929, 2929]) torch.Size([6, 2929, 50])
Exponential sum:  tensor(9179.8398)
tensor([[2.4979e-01, 2.5015e-01, 2.4995e-01, 2.5011e-01],
        [2.4960e-01, 2.4962e-01, 2.5020e-01, 2.5059e-01],
        [2.4963e-01, 2.5004e-01, 2.5001e-01, 2.5031e-01],
        ...,
        [5.9668e-11, 9.6466e-10, 2.1993e-06, 1.0000e+00],
        [2.4990e-01, 2.5004e-01, 2.4982e-01, 2.5024e-01],
        [2.4991e-01, 2.4999e-01, 2.4995e-01, 2.5015e-01]])
tensor(indices=tensor([[2746],
                       [   0]]),
       values=tensor([1.]),
       size=(2929, 4), nnz=1, layout=torch.sparse_coo)
torch.Size([6, 2929, 2929]) torch.Size([6, 2929, 50])
torch.Size([6, 2929, 2929]) torch.Size([6, 2929, 50])
Parameter containing:
tensor([[-0.0092,  0.0334, -0.0504,  ...,  0.0051, -0.0048, -0.0423],
        [ 0.0284,  0.0050, -0.0072,  ...,  0.0281, -0.0178, -0.1583],
        [-0.1721,  0.0193,  0.0124,  ..., -0.0166,  0.0276,  0.2005],
        ...,
        [ 0.1878, -0.0793,  0.0482,  ...,  0.1421,  0.1286, -0.1246],
        [ 0.0348, -0.0285,  0.0057,  ...,  0.0014, -0.0067, -0.1617],
        [ 0.1237, -0.0040,  0.0238,  ...,  0.0044, -0.0263,  0.1940]],
       requires_grad=True)
torch.Size([6, 2929, 2929]) torch.Size([6, 2929, 50])
Exponential sum:  tensor(10290.9443)
torch.Size([6, 2929, 2929]) torch.Size([6, 2929, 50])
Exponential sum:  tensor(9179.8398)
tensor([[2.4979e-01, 2.5015e-01, 2.4995e-01, 2.5011e-01],
        [2.4960e-01, 2.4962e-01, 2.5020e-01, 2.5059e-01],
        [2.4963e-01, 2.5004e-01, 2.5001e-01, 2.5031e-01],
        ...,
        [5.9668e-11, 9.6466e-10, 2.1993e-06, 1.0000e+00],
        [2.4990e-01, 2.5004e-01, 2.4982e-01, 2.5024e-01],
        [2.4991e-01, 2.4999e-01, 2.4995e-01, 2.5015e-01]])
tensor(indices=tensor([[2425],
                       [   1]]),
       values=tensor([1.]),
       size=(2929, 4), nnz=1, layout=torch.sparse_coo)
torch.Size([6, 2929, 2929]) torch.Size([6, 2929, 50])
torch.Size([6, 2929, 2929]) torch.Size([6, 2929, 50])
Parameter containing:
tensor([[-0.0092,  0.0334, -0.0504,  ...,  0.0051, -0.0048, -0.0423],
        [ 0.0284,  0.0050, -0.0072,  ...,  0.0281, -0.0178, -0.1583],
        [-0.1721,  0.0193,  0.0124,  ..., -0.0166,  0.0276,  0.2005],
        ...,
        [ 0.1878, -0.0793,  0.0482,  ...,  0.1421,  0.1286, -0.1246],
        [ 0.0348, -0.0285,  0.0057,  ...,  0.0014, -0.0067, -0.1617],
        [ 0.1237, -0.0040,  0.0238,  ...,  0.0044, -0.0263,  0.1940]],
       requires_grad=True)
torch.Size([6, 2929, 2929]) torch.Size([6, 2929, 50])
Exponential sum:  tensor(10290.9443)
torch.Size([6, 2929, 2929]) torch.Size([6, 2929, 50])
Exponential sum:  tensor(9179.8398)
tensor([[2.4979e-01, 2.5015e-01, 2.4995e-01, 2.5011e-01],
        [2.4960e-01, 2.4962e-01, 2.5020e-01, 2.5059e-01],
        [2.4963e-01, 2.5004e-01, 2.5001e-01, 2.5031e-01],
        ...,
        [5.9668e-11, 9.6466e-10, 2.1993e-06, 1.0000e+00],
        [2.4990e-01, 2.5004e-01, 2.4982e-01, 2.5024e-01],
        [2.4991e-01, 2.4999e-01, 2.4995e-01, 2.5015e-01]])
tensor(indices=tensor([[1199],
                       [   0]]),
       values=tensor([1.]),
       size=(2929, 4), nnz=1, layout=torch.sparse_coo)
torch.Size([6, 2929, 2929]) torch.Size([6, 2929, 50])
torch.Size([6, 2929, 2929]) torch.Size([6, 2929, 50])
Parameter containing:
tensor([[-0.0092,  0.0334, -0.0504,  ...,  0.0051, -0.0048, -0.0423],
        [ 0.0284,  0.0050, -0.0072,  ...,  0.0281, -0.0178, -0.1583],
        [-0.1721,  0.0193,  0.0124,  ..., -0.0166,  0.0276,  0.2005],
        ...,
        [ 0.1878, -0.0793,  0.0482,  ...,  0.1421,  0.1286, -0.1246],
        [ 0.0348, -0.0285,  0.0057,  ...,  0.0014, -0.0067, -0.1617],
        [ 0.1237, -0.0040,  0.0238,  ...,  0.0044, -0.0263,  0.1940]],
       requires_grad=True)
torch.Size([6, 2929, 2929]) torch.Size([6, 2929, 50])
Exponential sum:  tensor(10290.9443)
torch.Size([6, 2929, 2929]) torch.Size([6, 2929, 50])
Exponential sum:  tensor(9179.8398)
tensor([[2.4979e-01, 2.5015e-01, 2.4995e-01, 2.5011e-01],
        [2.4960e-01, 2.4962e-01, 2.5020e-01, 2.5059e-01],
        [2.4963e-01, 2.5004e-01, 2.5001e-01, 2.5031e-01],
        ...,
        [5.9668e-11, 9.6466e-10, 2.1993e-06, 1.0000e+00],
        [2.4990e-01, 2.5004e-01, 2.4982e-01, 2.5024e-01],
        [2.4991e-01, 2.4999e-01, 2.4995e-01, 2.5015e-01]])
tensor(indices=tensor([[2327],
                       [   0]]),
       values=tensor([1.]),
       size=(2929, 4), nnz=1, layout=torch.sparse_coo)
torch.Size([6, 2929, 2929]) torch.Size([6, 2929, 50])
torch.Size([6, 2929, 2929]) torch.Size([6, 2929, 50])
Parameter containing:
tensor([[-0.0092,  0.0334, -0.0504,  ...,  0.0051, -0.0048, -0.0423],
        [ 0.0284,  0.0050, -0.0072,  ...,  0.0281, -0.0178, -0.1583],
        [-0.1721,  0.0193,  0.0124,  ..., -0.0166,  0.0276,  0.2005],
        ...,
        [ 0.1878, -0.0793,  0.0482,  ...,  0.1421,  0.1286, -0.1246],
        [ 0.0348, -0.0285,  0.0057,  ...,  0.0014, -0.0067, -0.1617],
        [ 0.1237, -0.0040,  0.0238,  ...,  0.0044, -0.0263,  0.1940]],
       requires_grad=True)
torch.Size([6, 2929, 2929]) torch.Size([6, 2929, 50])
Exponential sum:  tensor(10290.9443)
torch.Size([6, 2929, 2929]) torch.Size([6, 2929, 50])
Exponential sum:  tensor(9179.8398)
tensor([[2.4979e-01, 2.5015e-01, 2.4995e-01, 2.5011e-01],
        [2.4960e-01, 2.4962e-01, 2.5020e-01, 2.5059e-01],
        [2.4963e-01, 2.5004e-01, 2.5001e-01, 2.5031e-01],
        ...,
        [5.9668e-11, 9.6466e-10, 2.1993e-06, 1.0000e+00],
        [2.4990e-01, 2.5004e-01, 2.4982e-01, 2.5024e-01],
        [2.4991e-01, 2.4999e-01, 2.4995e-01, 2.5015e-01]])
tensor(indices=tensor([[221],
                       [  3]]),
       values=tensor([1.]),
       size=(2929, 4), nnz=1, layout=torch.sparse_coo)
torch.Size([6, 2929, 2929]) torch.Size([6, 2929, 50])
torch.Size([6, 2929, 2929]) torch.Size([6, 2929, 50])
Parameter containing:
tensor([[-0.0092,  0.0334, -0.0504,  ...,  0.0051, -0.0048, -0.0423],
        [ 0.0284,  0.0050, -0.0072,  ...,  0.0281, -0.0178, -0.1583],
        [-0.1721,  0.0193,  0.0124,  ..., -0.0166,  0.0276,  0.2005],
        ...,
        [ 0.1878, -0.0793,  0.0482,  ...,  0.1421,  0.1286, -0.1246],
        [ 0.0348, -0.0285,  0.0057,  ...,  0.0014, -0.0067, -0.1617],
        [ 0.1237, -0.0040,  0.0238,  ...,  0.0044, -0.0263,  0.1940]],
       requires_grad=True)
torch.Size([6, 2929, 2929]) torch.Size([6, 2929, 50])
Exponential sum:  tensor(10290.9443)
torch.Size([6, 2929, 2929]) torch.Size([6, 2929, 50])
Exponential sum:  tensor(9179.8398)
tensor([[2.4979e-01, 2.5015e-01, 2.4995e-01, 2.5011e-01],
        [2.4960e-01, 2.4962e-01, 2.5020e-01, 2.5059e-01],
        [2.4963e-01, 2.5004e-01, 2.5001e-01, 2.5031e-01],
        ...,
        [5.9668e-11, 9.6466e-10, 2.1993e-06, 1.0000e+00],
        [2.4990e-01, 2.5004e-01, 2.4982e-01, 2.5024e-01],
        [2.4991e-01, 2.4999e-01, 2.4995e-01, 2.5015e-01]])
tensor(indices=tensor([[2682],
                       [   0]]),
       values=tensor([1.]),
       size=(2929, 4), nnz=1, layout=torch.sparse_coo)
torch.Size([6, 2929, 2929]) torch.Size([6, 2929, 50])
torch.Size([6, 2929, 2929]) torch.Size([6, 2929, 50])
Parameter containing:
tensor([[-0.0092,  0.0334, -0.0504,  ...,  0.0051, -0.0048, -0.0423],
        [ 0.0284,  0.0050, -0.0072,  ...,  0.0281, -0.0178, -0.1583],
        [-0.1721,  0.0193,  0.0124,  ..., -0.0166,  0.0276,  0.2005],
        ...,
        [ 0.1878, -0.0793,  0.0482,  ...,  0.1421,  0.1286, -0.1246],
        [ 0.0348, -0.0285,  0.0057,  ...,  0.0014, -0.0067, -0.1617],
        [ 0.1237, -0.0040,  0.0238,  ...,  0.0044, -0.0263,  0.1940]],
       requires_grad=True)
torch.Size([6, 2929, 2929]) torch.Size([6, 2929, 50])
Exponential sum:  tensor(10290.9443)
torch.Size([6, 2929, 2929]) torch.Size([6, 2929, 50])
Exponential sum:  tensor(9179.8398)
tensor([[2.4979e-01, 2.5015e-01, 2.4995e-01, 2.5011e-01],
        [2.4960e-01, 2.4962e-01, 2.5020e-01, 2.5059e-01],
        [2.4963e-01, 2.5004e-01, 2.5001e-01, 2.5031e-01],
        ...,
        [5.9668e-11, 9.6466e-10, 2.1993e-06, 1.0000e+00],
        [2.4990e-01, 2.5004e-01, 2.4982e-01, 2.5024e-01],
        [2.4991e-01, 2.4999e-01, 2.4995e-01, 2.5015e-01]])
tensor(indices=tensor([[1489],
                       [   0]]),
       values=tensor([1.]),
       size=(2929, 4), nnz=1, layout=torch.sparse_coo)
torch.Size([6, 2929, 2929]) torch.Size([6, 2929, 50])
torch.Size([6, 2929, 2929]) torch.Size([6, 2929, 50])
Parameter containing:
tensor([[-0.0092,  0.0334, -0.0504,  ...,  0.0051, -0.0048, -0.0423],
        [ 0.0284,  0.0050, -0.0072,  ...,  0.0281, -0.0178, -0.1583],
        [-0.1721,  0.0193,  0.0124,  ..., -0.0166,  0.0276,  0.2005],
        ...,
        [ 0.1878, -0.0793,  0.0482,  ...,  0.1421,  0.1286, -0.1246],
        [ 0.0348, -0.0285,  0.0057,  ...,  0.0014, -0.0067, -0.1617],
        [ 0.1237, -0.0040,  0.0238,  ...,  0.0044, -0.0263,  0.1940]],
       requires_grad=True)
torch.Size([6, 2929, 2929]) torch.Size([6, 2929, 50])
Exponential sum:  tensor(10290.9443)
torch.Size([6, 2929, 2929]) torch.Size([6, 2929, 50])
Exponential sum:  tensor(9179.8398)
tensor([[2.4979e-01, 2.5015e-01, 2.4995e-01, 2.5011e-01],
        [2.4960e-01, 2.4962e-01, 2.5020e-01, 2.5059e-01],
        [2.4963e-01, 2.5004e-01, 2.5001e-01, 2.5031e-01],
        ...,
        [5.9668e-11, 9.6466e-10, 2.1993e-06, 1.0000e+00],
        [2.4990e-01, 2.5004e-01, 2.4982e-01, 2.5024e-01],
        [2.4991e-01, 2.4999e-01, 2.4995e-01, 2.5015e-01]])
tensor(indices=tensor([[2627],
                       [   3]]),
       values=tensor([1.]),
       size=(2929, 4), nnz=1, layout=torch.sparse_coo)
torch.Size([6, 2929, 2929]) torch.Size([6, 2929, 50])
torch.Size([6, 2929, 2929]) torch.Size([6, 2929, 50])
Parameter containing:
tensor([[-0.0092,  0.0334, -0.0504,  ...,  0.0051, -0.0048, -0.0423],
        [ 0.0284,  0.0050, -0.0072,  ...,  0.0281, -0.0178, -0.1583],
        [-0.1721,  0.0193,  0.0124,  ..., -0.0166,  0.0276,  0.2005],
        ...,
        [ 0.1878, -0.0793,  0.0482,  ...,  0.1421,  0.1286, -0.1246],
        [ 0.0348, -0.0285,  0.0057,  ...,  0.0014, -0.0067, -0.1617],
        [ 0.1237, -0.0040,  0.0238,  ...,  0.0044, -0.0263,  0.1940]],
       requires_grad=True)
torch.Size([6, 2929, 2929]) torch.Size([6, 2929, 50])
Exponential sum:  tensor(10290.9443)
torch.Size([6, 2929, 2929]) torch.Size([6, 2929, 50])
Exponential sum:  tensor(9179.8398)
tensor([[2.4979e-01, 2.5015e-01, 2.4995e-01, 2.5011e-01],
        [2.4960e-01, 2.4962e-01, 2.5020e-01, 2.5059e-01],
        [2.4963e-01, 2.5004e-01, 2.5001e-01, 2.5031e-01],
        ...,
        [5.9668e-11, 9.6466e-10, 2.1993e-06, 1.0000e+00],
        [2.4990e-01, 2.5004e-01, 2.4982e-01, 2.5024e-01],
        [2.4991e-01, 2.4999e-01, 2.4995e-01, 2.5015e-01]])
tensor(indices=tensor([[2065],
                       [   3]]),
       values=tensor([1.]),
       size=(2929, 4), nnz=1, layout=torch.sparse_coo)
torch.Size([6, 2929, 2929]) torch.Size([6, 2929, 50])
torch.Size([6, 2929, 2929]) torch.Size([6, 2929, 50])
Parameter containing:
tensor([[-0.0092,  0.0334, -0.0504,  ...,  0.0051, -0.0048, -0.0423],
        [ 0.0284,  0.0050, -0.0072,  ...,  0.0281, -0.0178, -0.1583],
        [-0.1721,  0.0193,  0.0124,  ..., -0.0166,  0.0276,  0.2005],
        ...,
        [ 0.1878, -0.0793,  0.0482,  ...,  0.1421,  0.1286, -0.1246],
        [ 0.0348, -0.0285,  0.0057,  ...,  0.0014, -0.0067, -0.1617],
        [ 0.1237, -0.0040,  0.0238,  ...,  0.0044, -0.0263,  0.1940]],
       requires_grad=True)
torch.Size([6, 2929, 2929]) torch.Size([6, 2929, 50])
Exponential sum:  tensor(10290.9443)
torch.Size([6, 2929, 2929]) torch.Size([6, 2929, 50])
Exponential sum:  tensor(9179.8398)
tensor([[2.4979e-01, 2.5015e-01, 2.4995e-01, 2.5011e-01],
        [2.4960e-01, 2.4962e-01, 2.5020e-01, 2.5059e-01],
        [2.4963e-01, 2.5004e-01, 2.5001e-01, 2.5031e-01],
        ...,
        [5.9668e-11, 9.6466e-10, 2.1993e-06, 1.0000e+00],
        [2.4990e-01, 2.5004e-01, 2.4982e-01, 2.5024e-01],
        [2.4991e-01, 2.4999e-01, 2.4995e-01, 2.5015e-01]])
tensor(indices=tensor([[994],
                       [  0]]),
       values=tensor([1.]),
       size=(2929, 4), nnz=1, layout=torch.sparse_coo)
torch.Size([6, 2929, 2929]) torch.Size([6, 2929, 50])
torch.Size([6, 2929, 2929]) torch.Size([6, 2929, 50])
Parameter containing:
tensor([[-0.0092,  0.0334, -0.0504,  ...,  0.0051, -0.0048, -0.0423],
        [ 0.0284,  0.0050, -0.0072,  ...,  0.0281, -0.0178, -0.1583],
        [-0.1721,  0.0193,  0.0124,  ..., -0.0166,  0.0276,  0.2005],
        ...,
        [ 0.1878, -0.0793,  0.0482,  ...,  0.1421,  0.1286, -0.1246],
        [ 0.0348, -0.0285,  0.0057,  ...,  0.0014, -0.0067, -0.1617],
        [ 0.1237, -0.0040,  0.0238,  ...,  0.0044, -0.0263,  0.1940]],
       requires_grad=True)
torch.Size([6, 2929, 2929]) torch.Size([6, 2929, 50])
Exponential sum:  tensor(10290.9443)
torch.Size([6, 2929, 2929]) torch.Size([6, 2929, 50])
Exponential sum:  tensor(9179.8398)
tensor([[2.4979e-01, 2.5015e-01, 2.4995e-01, 2.5011e-01],
        [2.4960e-01, 2.4962e-01, 2.5020e-01, 2.5059e-01],
        [2.4963e-01, 2.5004e-01, 2.5001e-01, 2.5031e-01],
        ...,
        [5.9668e-11, 9.6466e-10, 2.1993e-06, 1.0000e+00],
        [2.4990e-01, 2.5004e-01, 2.4982e-01, 2.5024e-01],
        [2.4991e-01, 2.4999e-01, 2.4995e-01, 2.5015e-01]])
tensor(indices=tensor([[391],
                       [  3]]),
       values=tensor([1.]),
       size=(2929, 4), nnz=1, layout=torch.sparse_coo)
torch.Size([6, 2929, 2929]) torch.Size([6, 2929, 50])
torch.Size([6, 2929, 2929]) torch.Size([6, 2929, 50])
Parameter containing:
tensor([[-0.0092,  0.0334, -0.0504,  ...,  0.0051, -0.0048, -0.0423],
        [ 0.0284,  0.0050, -0.0072,  ...,  0.0281, -0.0178, -0.1583],
        [-0.1721,  0.0193,  0.0124,  ..., -0.0166,  0.0276,  0.2005],
        ...,
        [ 0.1878, -0.0793,  0.0482,  ...,  0.1421,  0.1286, -0.1246],
        [ 0.0348, -0.0285,  0.0057,  ...,  0.0014, -0.0067, -0.1617],
        [ 0.1237, -0.0040,  0.0238,  ...,  0.0044, -0.0263,  0.1940]],
       requires_grad=True)
torch.Size([6, 2929, 2929]) torch.Size([6, 2929, 50])
Exponential sum:  tensor(10290.9443)
torch.Size([6, 2929, 2929]) torch.Size([6, 2929, 50])
Exponential sum:  tensor(9179.8398)
tensor([[2.4979e-01, 2.5015e-01, 2.4995e-01, 2.5011e-01],
        [2.4960e-01, 2.4962e-01, 2.5020e-01, 2.5059e-01],
        [2.4963e-01, 2.5004e-01, 2.5001e-01, 2.5031e-01],
        ...,
        [5.9668e-11, 9.6466e-10, 2.1993e-06, 1.0000e+00],
        [2.4990e-01, 2.5004e-01, 2.4982e-01, 2.5024e-01],
        [2.4991e-01, 2.4999e-01, 2.4995e-01, 2.5015e-01]])
tensor(indices=tensor([[1356],
                       [   3]]),
       values=tensor([1.]),
       size=(2929, 4), nnz=1, layout=torch.sparse_coo)
torch.Size([6, 2929, 2929]) torch.Size([6, 2929, 50])
torch.Size([6, 2929, 2929]) torch.Size([6, 2929, 50])
Parameter containing:
tensor([[-0.0092,  0.0334, -0.0504,  ...,  0.0051, -0.0048, -0.0423],
        [ 0.0284,  0.0050, -0.0072,  ...,  0.0281, -0.0178, -0.1583],
        [-0.1721,  0.0193,  0.0124,  ..., -0.0166,  0.0276,  0.2005],
        ...,
        [ 0.1878, -0.0793,  0.0482,  ...,  0.1421,  0.1286, -0.1246],
        [ 0.0348, -0.0285,  0.0057,  ...,  0.0014, -0.0067, -0.1617],
        [ 0.1237, -0.0040,  0.0238,  ...,  0.0044, -0.0263,  0.1940]],
       requires_grad=True)
torch.Size([6, 2929, 2929]) torch.Size([6, 2929, 50])
Exponential sum:  tensor(10290.9443)
torch.Size([6, 2929, 2929]) torch.Size([6, 2929, 50])
Exponential sum:  tensor(9179.8398)
tensor([[2.4979e-01, 2.5015e-01, 2.4995e-01, 2.5011e-01],
        [2.4960e-01, 2.4962e-01, 2.5020e-01, 2.5059e-01],
        [2.4963e-01, 2.5004e-01, 2.5001e-01, 2.5031e-01],
        ...,
        [5.9668e-11, 9.6466e-10, 2.1993e-06, 1.0000e+00],
        [2.4990e-01, 2.5004e-01, 2.4982e-01, 2.5024e-01],
        [2.4991e-01, 2.4999e-01, 2.4995e-01, 2.5015e-01]])
tensor(indices=tensor([[2674],
                       [   0]]),
       values=tensor([1.]),
       size=(2929, 4), nnz=1, layout=torch.sparse_coo)
torch.Size([6, 2929, 2929]) torch.Size([6, 2929, 50])
torch.Size([6, 2929, 2929]) torch.Size([6, 2929, 50])
Parameter containing:
tensor([[-0.0092,  0.0334, -0.0504,  ...,  0.0051, -0.0048, -0.0423],
        [ 0.0284,  0.0050, -0.0072,  ...,  0.0281, -0.0178, -0.1583],
        [-0.1721,  0.0193,  0.0124,  ..., -0.0166,  0.0276,  0.2005],
        ...,
        [ 0.1878, -0.0793,  0.0482,  ...,  0.1421,  0.1286, -0.1246],
        [ 0.0348, -0.0285,  0.0057,  ...,  0.0014, -0.0067, -0.1617],
        [ 0.1237, -0.0040,  0.0238,  ...,  0.0044, -0.0263,  0.1940]],
       requires_grad=True)
torch.Size([6, 2929, 2929]) torch.Size([6, 2929, 50])
Exponential sum:  tensor(10290.9443)
torch.Size([6, 2929, 2929]) torch.Size([6, 2929, 50])
Exponential sum:  tensor(9179.8398)
tensor([[2.4979e-01, 2.5015e-01, 2.4995e-01, 2.5011e-01],
        [2.4960e-01, 2.4962e-01, 2.5020e-01, 2.5059e-01],
        [2.4963e-01, 2.5004e-01, 2.5001e-01, 2.5031e-01],
        ...,
        [5.9668e-11, 9.6466e-10, 2.1993e-06, 1.0000e+00],
        [2.4990e-01, 2.5004e-01, 2.4982e-01, 2.5024e-01],
        [2.4991e-01, 2.4999e-01, 2.4995e-01, 2.5015e-01]])
tensor(indices=tensor([[2613],
                       [   2]]),
       values=tensor([1.]),
       size=(2929, 4), nnz=1, layout=torch.sparse_coo)
torch.Size([6, 2929, 2929]) torch.Size([6, 2929, 50])
torch.Size([6, 2929, 2929]) torch.Size([6, 2929, 50])
Parameter containing:
tensor([[-0.0092,  0.0334, -0.0504,  ...,  0.0051, -0.0048, -0.0423],
        [ 0.0284,  0.0050, -0.0072,  ...,  0.0281, -0.0178, -0.1583],
        [-0.1721,  0.0193,  0.0124,  ..., -0.0166,  0.0276,  0.2005],
        ...,
        [ 0.1878, -0.0793,  0.0482,  ...,  0.1421,  0.1286, -0.1246],
        [ 0.0348, -0.0285,  0.0057,  ...,  0.0014, -0.0067, -0.1617],
        [ 0.1237, -0.0040,  0.0238,  ...,  0.0044, -0.0263,  0.1940]],
       requires_grad=True)
torch.Size([6, 2929, 2929]) torch.Size([6, 2929, 50])
Exponential sum:  tensor(10290.9443)
torch.Size([6, 2929, 2929]) torch.Size([6, 2929, 50])
Exponential sum:  tensor(9179.8398)
tensor([[2.4979e-01, 2.5015e-01, 2.4995e-01, 2.5011e-01],
        [2.4960e-01, 2.4962e-01, 2.5020e-01, 2.5059e-01],
        [2.4963e-01, 2.5004e-01, 2.5001e-01, 2.5031e-01],
        ...,
        [5.9668e-11, 9.6466e-10, 2.1993e-06, 1.0000e+00],
        [2.4990e-01, 2.5004e-01, 2.4982e-01, 2.5024e-01],
        [2.4991e-01, 2.4999e-01, 2.4995e-01, 2.5015e-01]])
tensor(indices=tensor([[1110],
                       [   0]]),
       values=tensor([1.]),
       size=(2929, 4), nnz=1, layout=torch.sparse_coo)
torch.Size([6, 2929, 2929]) torch.Size([6, 2929, 50])
torch.Size([6, 2929, 2929]) torch.Size([6, 2929, 50])
Parameter containing:
tensor([[-0.0092,  0.0334, -0.0504,  ...,  0.0051, -0.0048, -0.0423],
        [ 0.0284,  0.0050, -0.0072,  ...,  0.0281, -0.0178, -0.1583],
        [-0.1721,  0.0193,  0.0124,  ..., -0.0166,  0.0276,  0.2005],
        ...,
        [ 0.1878, -0.0793,  0.0482,  ...,  0.1421,  0.1286, -0.1246],
        [ 0.0348, -0.0285,  0.0057,  ...,  0.0014, -0.0067, -0.1617],
        [ 0.1237, -0.0040,  0.0238,  ...,  0.0044, -0.0263,  0.1940]],
       requires_grad=True)
torch.Size([6, 2929, 2929]) torch.Size([6, 2929, 50])
Exponential sum:  tensor(10290.9443)
torch.Size([6, 2929, 2929]) torch.Size([6, 2929, 50])
Exponential sum:  tensor(9179.8398)
tensor([[2.4979e-01, 2.5015e-01, 2.4995e-01, 2.5011e-01],
        [2.4960e-01, 2.4962e-01, 2.5020e-01, 2.5059e-01],
        [2.4963e-01, 2.5004e-01, 2.5001e-01, 2.5031e-01],
        ...,
        [5.9668e-11, 9.6466e-10, 2.1993e-06, 1.0000e+00],
        [2.4990e-01, 2.5004e-01, 2.4982e-01, 2.5024e-01],
        [2.4991e-01, 2.4999e-01, 2.4995e-01, 2.5015e-01]])
tensor(indices=tensor([[1073],
                       [   0]]),
       values=tensor([1.]),
       size=(2929, 4), nnz=1, layout=torch.sparse_coo)
torch.Size([6, 2929, 2929]) torch.Size([6, 2929, 50])
torch.Size([6, 2929, 2929]) torch.Size([6, 2929, 50])
Parameter containing:
tensor([[-0.0092,  0.0334, -0.0504,  ...,  0.0051, -0.0048, -0.0423],
        [ 0.0284,  0.0050, -0.0072,  ...,  0.0281, -0.0178, -0.1583],
        [-0.1721,  0.0193,  0.0124,  ..., -0.0166,  0.0276,  0.2005],
        ...,
        [ 0.1878, -0.0793,  0.0482,  ...,  0.1421,  0.1286, -0.1246],
        [ 0.0348, -0.0285,  0.0057,  ...,  0.0014, -0.0067, -0.1617],
        [ 0.1237, -0.0040,  0.0238,  ...,  0.0044, -0.0263,  0.1940]],
       requires_grad=True)
torch.Size([6, 2929, 2929]) torch.Size([6, 2929, 50])
Exponential sum:  tensor(10290.9443)
torch.Size([6, 2929, 2929]) torch.Size([6, 2929, 50])
Exponential sum:  tensor(9179.8398)
tensor([[2.4979e-01, 2.5015e-01, 2.4995e-01, 2.5011e-01],
        [2.4960e-01, 2.4962e-01, 2.5020e-01, 2.5059e-01],
        [2.4963e-01, 2.5004e-01, 2.5001e-01, 2.5031e-01],
        ...,
        [5.9668e-11, 9.6466e-10, 2.1993e-06, 1.0000e+00],
        [2.4990e-01, 2.5004e-01, 2.4982e-01, 2.5024e-01],
        [2.4991e-01, 2.4999e-01, 2.4995e-01, 2.5015e-01]])
tensor(indices=tensor([[2079],
                       [   3]]),
       values=tensor([1.]),
       size=(2929, 4), nnz=1, layout=torch.sparse_coo)
torch.Size([6, 2929, 2929]) torch.Size([6, 2929, 50])
torch.Size([6, 2929, 2929]) torch.Size([6, 2929, 50])
Parameter containing:
tensor([[-0.0092,  0.0334, -0.0504,  ...,  0.0051, -0.0048, -0.0423],
        [ 0.0284,  0.0050, -0.0072,  ...,  0.0281, -0.0178, -0.1583],
        [-0.1721,  0.0193,  0.0124,  ..., -0.0166,  0.0276,  0.2005],
        ...,
        [ 0.1878, -0.0793,  0.0482,  ...,  0.1421,  0.1286, -0.1246],
        [ 0.0348, -0.0285,  0.0057,  ...,  0.0014, -0.0067, -0.1617],
        [ 0.1237, -0.0040,  0.0238,  ...,  0.0044, -0.0263,  0.1940]],
       requires_grad=True)
torch.Size([6, 2929, 2929]) torch.Size([6, 2929, 50])
Exponential sum:  tensor(10290.9443)
torch.Size([6, 2929, 2929]) torch.Size([6, 2929, 50])
Exponential sum:  tensor(9179.8398)
tensor([[2.4979e-01, 2.5015e-01, 2.4995e-01, 2.5011e-01],
        [2.4960e-01, 2.4962e-01, 2.5020e-01, 2.5059e-01],
        [2.4963e-01, 2.5004e-01, 2.5001e-01, 2.5031e-01],
        ...,
        [5.9668e-11, 9.6466e-10, 2.1993e-06, 1.0000e+00],
        [2.4990e-01, 2.5004e-01, 2.4982e-01, 2.5024e-01],
        [2.4991e-01, 2.4999e-01, 2.4995e-01, 2.5015e-01]])
tensor(indices=tensor([[167],
                       [  2]]),
       values=tensor([1.]),
       size=(2929, 4), nnz=1, layout=torch.sparse_coo)
torch.Size([6, 2929, 2929]) torch.Size([6, 2929, 50])
torch.Size([6, 2929, 2929]) torch.Size([6, 2929, 50])
Parameter containing:
tensor([[-0.0092,  0.0334, -0.0504,  ...,  0.0051, -0.0048, -0.0423],
        [ 0.0284,  0.0050, -0.0072,  ...,  0.0281, -0.0178, -0.1583],
        [-0.1721,  0.0193,  0.0124,  ..., -0.0166,  0.0276,  0.2005],
        ...,
        [ 0.1878, -0.0793,  0.0482,  ...,  0.1421,  0.1286, -0.1246],
        [ 0.0348, -0.0285,  0.0057,  ...,  0.0014, -0.0067, -0.1617],
        [ 0.1237, -0.0040,  0.0238,  ...,  0.0044, -0.0263,  0.1940]],
       requires_grad=True)
torch.Size([6, 2929, 2929]) torch.Size([6, 2929, 50])
Exponential sum:  tensor(10290.9443)
torch.Size([6, 2929, 2929]) torch.Size([6, 2929, 50])
Exponential sum:  tensor(9179.8398)
tensor([[2.4979e-01, 2.5015e-01, 2.4995e-01, 2.5011e-01],
        [2.4960e-01, 2.4962e-01, 2.5020e-01, 2.5059e-01],
        [2.4963e-01, 2.5004e-01, 2.5001e-01, 2.5031e-01],
        ...,
        [5.9668e-11, 9.6466e-10, 2.1993e-06, 1.0000e+00],
        [2.4990e-01, 2.5004e-01, 2.4982e-01, 2.5024e-01],
        [2.4991e-01, 2.4999e-01, 2.4995e-01, 2.5015e-01]])
tensor(indices=tensor([[1756],
                       [   3]]),
       values=tensor([1.]),
       size=(2929, 4), nnz=1, layout=torch.sparse_coo)
torch.Size([6, 2929, 2929]) torch.Size([6, 2929, 50])
torch.Size([6, 2929, 2929]) torch.Size([6, 2929, 50])
Parameter containing:
tensor([[-0.0092,  0.0334, -0.0504,  ...,  0.0051, -0.0048, -0.0423],
        [ 0.0284,  0.0050, -0.0072,  ...,  0.0281, -0.0178, -0.1583],
        [-0.1721,  0.0193,  0.0124,  ..., -0.0166,  0.0276,  0.2005],
        ...,
        [ 0.1878, -0.0793,  0.0482,  ...,  0.1421,  0.1286, -0.1246],
        [ 0.0348, -0.0285,  0.0057,  ...,  0.0014, -0.0067, -0.1617],
        [ 0.1237, -0.0040,  0.0238,  ...,  0.0044, -0.0263,  0.1940]],
       requires_grad=True)
torch.Size([6, 2929, 2929]) torch.Size([6, 2929, 50])
Exponential sum:  tensor(10290.9443)
torch.Size([6, 2929, 2929]) torch.Size([6, 2929, 50])
Exponential sum:  tensor(9179.8398)
tensor([[2.4979e-01, 2.5015e-01, 2.4995e-01, 2.5011e-01],
        [2.4960e-01, 2.4962e-01, 2.5020e-01, 2.5059e-01],
        [2.4963e-01, 2.5004e-01, 2.5001e-01, 2.5031e-01],
        ...,
        [5.9668e-11, 9.6466e-10, 2.1993e-06, 1.0000e+00],
        [2.4990e-01, 2.5004e-01, 2.4982e-01, 2.5024e-01],
        [2.4991e-01, 2.4999e-01, 2.4995e-01, 2.5015e-01]])
tensor(indices=tensor([[999],
                       [  3]]),
       values=tensor([1.]),
       size=(2929, 4), nnz=1, layout=torch.sparse_coo)
torch.Size([6, 2929, 2929]) torch.Size([6, 2929, 50])
torch.Size([6, 2929, 2929]) torch.Size([6, 2929, 50])
Parameter containing:
tensor([[-0.0092,  0.0334, -0.0504,  ...,  0.0051, -0.0048, -0.0423],
        [ 0.0284,  0.0050, -0.0072,  ...,  0.0281, -0.0178, -0.1583],
        [-0.1721,  0.0193,  0.0124,  ..., -0.0166,  0.0276,  0.2005],
        ...,
        [ 0.1878, -0.0793,  0.0482,  ...,  0.1421,  0.1286, -0.1246],
        [ 0.0348, -0.0285,  0.0057,  ...,  0.0014, -0.0067, -0.1617],
        [ 0.1237, -0.0040,  0.0238,  ...,  0.0044, -0.0263,  0.1940]],
       requires_grad=True)
torch.Size([6, 2929, 2929]) torch.Size([6, 2929, 50])
Exponential sum:  tensor(10290.9443)
torch.Size([6, 2929, 2929]) torch.Size([6, 2929, 50])
Exponential sum:  tensor(9179.8398)
tensor([[2.4979e-01, 2.5015e-01, 2.4995e-01, 2.5011e-01],
        [2.4960e-01, 2.4962e-01, 2.5020e-01, 2.5059e-01],
        [2.4963e-01, 2.5004e-01, 2.5001e-01, 2.5031e-01],
        ...,
        [5.9668e-11, 9.6466e-10, 2.1993e-06, 1.0000e+00],
        [2.4990e-01, 2.5004e-01, 2.4982e-01, 2.5024e-01],
        [2.4991e-01, 2.4999e-01, 2.4995e-01, 2.5015e-01]])
tensor(indices=tensor([[1437],
                       [   1]]),
       values=tensor([1.]),
       size=(2929, 4), nnz=1, layout=torch.sparse_coo)
torch.Size([6, 2929, 2929]) torch.Size([6, 2929, 50])
torch.Size([6, 2929, 2929]) torch.Size([6, 2929, 50])
Parameter containing:
tensor([[-0.0092,  0.0334, -0.0504,  ...,  0.0051, -0.0048, -0.0423],
        [ 0.0284,  0.0050, -0.0072,  ...,  0.0281, -0.0178, -0.1583],
        [-0.1721,  0.0193,  0.0124,  ..., -0.0166,  0.0276,  0.2005],
        ...,
        [ 0.1878, -0.0793,  0.0482,  ...,  0.1421,  0.1286, -0.1246],
        [ 0.0348, -0.0285,  0.0057,  ...,  0.0014, -0.0067, -0.1617],
        [ 0.1237, -0.0040,  0.0238,  ...,  0.0044, -0.0263,  0.1940]],
       requires_grad=True)
torch.Size([6, 2929, 2929]) torch.Size([6, 2929, 50])
Exponential sum:  tensor(10290.9443)
torch.Size([6, 2929, 2929]) torch.Size([6, 2929, 50])
Exponential sum:  tensor(9179.8398)
tensor([[2.4979e-01, 2.5015e-01, 2.4995e-01, 2.5011e-01],
        [2.4960e-01, 2.4962e-01, 2.5020e-01, 2.5059e-01],
        [2.4963e-01, 2.5004e-01, 2.5001e-01, 2.5031e-01],
        ...,
        [5.9668e-11, 9.6466e-10, 2.1993e-06, 1.0000e+00],
        [2.4990e-01, 2.5004e-01, 2.4982e-01, 2.5024e-01],
        [2.4991e-01, 2.4999e-01, 2.4995e-01, 2.5015e-01]])
tensor(indices=tensor([[2048],
                       [   2]]),
       values=tensor([1.]),
       size=(2929, 4), nnz=1, layout=torch.sparse_coo)
torch.Size([6, 2929, 2929]) torch.Size([6, 2929, 50])
torch.Size([6, 2929, 2929]) torch.Size([6, 2929, 50])
Parameter containing:
tensor([[-0.0092,  0.0334, -0.0504,  ...,  0.0051, -0.0048, -0.0423],
        [ 0.0284,  0.0050, -0.0072,  ...,  0.0281, -0.0178, -0.1583],
        [-0.1721,  0.0193,  0.0124,  ..., -0.0166,  0.0276,  0.2005],
        ...,
        [ 0.1878, -0.0793,  0.0482,  ...,  0.1421,  0.1286, -0.1246],
        [ 0.0348, -0.0285,  0.0057,  ...,  0.0014, -0.0067, -0.1617],
        [ 0.1237, -0.0040,  0.0238,  ...,  0.0044, -0.0263,  0.1940]],
       requires_grad=True)
torch.Size([6, 2929, 2929]) torch.Size([6, 2929, 50])
Exponential sum:  tensor(10290.9443)
torch.Size([6, 2929, 2929]) torch.Size([6, 2929, 50])
Exponential sum:  tensor(9179.8398)
tensor([[2.4979e-01, 2.5015e-01, 2.4995e-01, 2.5011e-01],
        [2.4960e-01, 2.4962e-01, 2.5020e-01, 2.5059e-01],
        [2.4963e-01, 2.5004e-01, 2.5001e-01, 2.5031e-01],
        ...,
        [5.9668e-11, 9.6466e-10, 2.1993e-06, 1.0000e+00],
        [2.4990e-01, 2.5004e-01, 2.4982e-01, 2.5024e-01],
        [2.4991e-01, 2.4999e-01, 2.4995e-01, 2.5015e-01]])
tensor(indices=tensor([[1469],
                       [   0]]),
       values=tensor([1.]),
       size=(2929, 4), nnz=1, layout=torch.sparse_coo)
torch.Size([6, 2929, 2929]) torch.Size([6, 2929, 50])
torch.Size([6, 2929, 2929]) torch.Size([6, 2929, 50])
Parameter containing:
tensor([[-0.0092,  0.0334, -0.0504,  ...,  0.0051, -0.0048, -0.0423],
        [ 0.0284,  0.0050, -0.0072,  ...,  0.0281, -0.0178, -0.1583],
        [-0.1721,  0.0193,  0.0124,  ..., -0.0166,  0.0276,  0.2005],
        ...,
        [ 0.1878, -0.0793,  0.0482,  ...,  0.1421,  0.1286, -0.1246],
        [ 0.0348, -0.0285,  0.0057,  ...,  0.0014, -0.0067, -0.1617],
        [ 0.1237, -0.0040,  0.0238,  ...,  0.0044, -0.0263,  0.1940]],
       requires_grad=True)
torch.Size([6, 2929, 2929]) torch.Size([6, 2929, 50])
Exponential sum:  tensor(10290.9443)
torch.Size([6, 2929, 2929]) torch.Size([6, 2929, 50])
Exponential sum:  tensor(9179.8398)
tensor([[2.4979e-01, 2.5015e-01, 2.4995e-01, 2.5011e-01],
        [2.4960e-01, 2.4962e-01, 2.5020e-01, 2.5059e-01],
        [2.4963e-01, 2.5004e-01, 2.5001e-01, 2.5031e-01],
        ...,
        [5.9668e-11, 9.6466e-10, 2.1993e-06, 1.0000e+00],
        [2.4990e-01, 2.5004e-01, 2.4982e-01, 2.5024e-01],
        [2.4991e-01, 2.4999e-01, 2.4995e-01, 2.5015e-01]])
tensor(indices=tensor([[2435],
                       [   0]]),
       values=tensor([1.]),
       size=(2929, 4), nnz=1, layout=torch.sparse_coo)
torch.Size([6, 2929, 2929]) torch.Size([6, 2929, 50])
torch.Size([6, 2929, 2929]) torch.Size([6, 2929, 50])
Parameter containing:
tensor([[-0.0092,  0.0334, -0.0504,  ...,  0.0051, -0.0048, -0.0423],
        [ 0.0284,  0.0050, -0.0072,  ...,  0.0281, -0.0178, -0.1583],
        [-0.1721,  0.0193,  0.0124,  ..., -0.0166,  0.0276,  0.2005],
        ...,
        [ 0.1878, -0.0793,  0.0482,  ...,  0.1421,  0.1286, -0.1246],
        [ 0.0348, -0.0285,  0.0057,  ...,  0.0014, -0.0067, -0.1617],
        [ 0.1237, -0.0040,  0.0238,  ...,  0.0044, -0.0263,  0.1940]],
       requires_grad=True)
torch.Size([6, 2929, 2929]) torch.Size([6, 2929, 50])
Exponential sum:  tensor(10290.9443)
torch.Size([6, 2929, 2929]) torch.Size([6, 2929, 50])
Exponential sum:  tensor(9179.8398)
tensor([[2.4979e-01, 2.5015e-01, 2.4995e-01, 2.5011e-01],
        [2.4960e-01, 2.4962e-01, 2.5020e-01, 2.5059e-01],
        [2.4963e-01, 2.5004e-01, 2.5001e-01, 2.5031e-01],
        ...,
        [5.9668e-11, 9.6466e-10, 2.1993e-06, 1.0000e+00],
        [2.4990e-01, 2.5004e-01, 2.4982e-01, 2.5024e-01],
        [2.4991e-01, 2.4999e-01, 2.4995e-01, 2.5015e-01]])
tensor(indices=tensor([[1008],
                       [   0]]),
       values=tensor([1.]),
       size=(2929, 4), nnz=1, layout=torch.sparse_coo)
torch.Size([6, 2929, 2929]) torch.Size([6, 2929, 50])
torch.Size([6, 2929, 2929]) torch.Size([6, 2929, 50])
Parameter containing:
tensor([[-0.0092,  0.0334, -0.0504,  ...,  0.0051, -0.0048, -0.0423],
        [ 0.0284,  0.0050, -0.0072,  ...,  0.0281, -0.0178, -0.1583],
        [-0.1721,  0.0193,  0.0124,  ..., -0.0166,  0.0276,  0.2005],
        ...,
        [ 0.1878, -0.0793,  0.0482,  ...,  0.1421,  0.1286, -0.1246],
        [ 0.0348, -0.0285,  0.0057,  ...,  0.0014, -0.0067, -0.1617],
        [ 0.1237, -0.0040,  0.0238,  ...,  0.0044, -0.0263,  0.1940]],
       requires_grad=True)
torch.Size([6, 2929, 2929]) torch.Size([6, 2929, 50])
Exponential sum:  tensor(10290.9443)
torch.Size([6, 2929, 2929]) torch.Size([6, 2929, 50])
Exponential sum:  tensor(9179.8398)
tensor([[2.4979e-01, 2.5015e-01, 2.4995e-01, 2.5011e-01],
        [2.4960e-01, 2.4962e-01, 2.5020e-01, 2.5059e-01],
        [2.4963e-01, 2.5004e-01, 2.5001e-01, 2.5031e-01],
        ...,
        [5.9668e-11, 9.6466e-10, 2.1993e-06, 1.0000e+00],
        [2.4990e-01, 2.5004e-01, 2.4982e-01, 2.5024e-01],
        [2.4991e-01, 2.4999e-01, 2.4995e-01, 2.5015e-01]])
tensor(indices=tensor([[2491],
                       [   0]]),
       values=tensor([1.]),
       size=(2929, 4), nnz=1, layout=torch.sparse_coo)
torch.Size([6, 2929, 2929]) torch.Size([6, 2929, 50])
torch.Size([6, 2929, 2929]) torch.Size([6, 2929, 50])
Parameter containing:
tensor([[-0.0092,  0.0334, -0.0504,  ...,  0.0051, -0.0048, -0.0423],
        [ 0.0284,  0.0050, -0.0072,  ...,  0.0281, -0.0178, -0.1583],
        [-0.1721,  0.0193,  0.0124,  ..., -0.0166,  0.0276,  0.2005],
        ...,
        [ 0.1878, -0.0793,  0.0482,  ...,  0.1421,  0.1286, -0.1246],
        [ 0.0348, -0.0285,  0.0057,  ...,  0.0014, -0.0067, -0.1617],
        [ 0.1237, -0.0040,  0.0238,  ...,  0.0044, -0.0263,  0.1940]],
       requires_grad=True)
torch.Size([6, 2929, 2929]) torch.Size([6, 2929, 50])
Exponential sum:  tensor(10290.9443)
torch.Size([6, 2929, 2929]) torch.Size([6, 2929, 50])
Exponential sum:  tensor(9179.8398)
tensor([[2.4979e-01, 2.5015e-01, 2.4995e-01, 2.5011e-01],
        [2.4960e-01, 2.4962e-01, 2.5020e-01, 2.5059e-01],
        [2.4963e-01, 2.5004e-01, 2.5001e-01, 2.5031e-01],
        ...,
        [5.9668e-11, 9.6466e-10, 2.1993e-06, 1.0000e+00],
        [2.4990e-01, 2.5004e-01, 2.4982e-01, 2.5024e-01],
        [2.4991e-01, 2.4999e-01, 2.4995e-01, 2.5015e-01]])
tensor(indices=tensor([[1825],
                       [   3]]),
       values=tensor([1.]),
       size=(2929, 4), nnz=1, layout=torch.sparse_coo)
torch.Size([6, 2929, 2929]) torch.Size([6, 2929, 50])
torch.Size([6, 2929, 2929]) torch.Size([6, 2929, 50])
Parameter containing:
tensor([[-0.0092,  0.0334, -0.0504,  ...,  0.0051, -0.0048, -0.0423],
        [ 0.0284,  0.0050, -0.0072,  ...,  0.0281, -0.0178, -0.1583],
        [-0.1721,  0.0193,  0.0124,  ..., -0.0166,  0.0276,  0.2005],
        ...,
        [ 0.1878, -0.0793,  0.0482,  ...,  0.1421,  0.1286, -0.1246],
        [ 0.0348, -0.0285,  0.0057,  ...,  0.0014, -0.0067, -0.1617],
        [ 0.1237, -0.0040,  0.0238,  ...,  0.0044, -0.0263,  0.1940]],
       requires_grad=True)
torch.Size([6, 2929, 2929]) torch.Size([6, 2929, 50])
Exponential sum:  tensor(10290.9443)
torch.Size([6, 2929, 2929]) torch.Size([6, 2929, 50])
Exponential sum:  tensor(9179.8398)
tensor([[2.4979e-01, 2.5015e-01, 2.4995e-01, 2.5011e-01],
        [2.4960e-01, 2.4962e-01, 2.5020e-01, 2.5059e-01],
        [2.4963e-01, 2.5004e-01, 2.5001e-01, 2.5031e-01],
        ...,
        [5.9668e-11, 9.6466e-10, 2.1993e-06, 1.0000e+00],
        [2.4990e-01, 2.5004e-01, 2.4982e-01, 2.5024e-01],
        [2.4991e-01, 2.4999e-01, 2.4995e-01, 2.5015e-01]])
tensor(indices=tensor([[1469],
                       [   0]]),
       values=tensor([1.]),
       size=(2929, 4), nnz=1, layout=torch.sparse_coo)
torch.Size([6, 2929, 2929]) torch.Size([6, 2929, 50])
torch.Size([6, 2929, 2929]) torch.Size([6, 2929, 50])
Parameter containing:
tensor([[-0.0092,  0.0334, -0.0504,  ...,  0.0051, -0.0048, -0.0423],
        [ 0.0284,  0.0050, -0.0072,  ...,  0.0281, -0.0178, -0.1583],
        [-0.1721,  0.0193,  0.0124,  ..., -0.0166,  0.0276,  0.2005],
        ...,
        [ 0.1878, -0.0793,  0.0482,  ...,  0.1421,  0.1286, -0.1246],
        [ 0.0348, -0.0285,  0.0057,  ...,  0.0014, -0.0067, -0.1617],
        [ 0.1237, -0.0040,  0.0238,  ...,  0.0044, -0.0263,  0.1940]],
       requires_grad=True)
torch.Size([6, 2929, 2929]) torch.Size([6, 2929, 50])
Exponential sum:  tensor(10290.9443)
torch.Size([6, 2929, 2929]) torch.Size([6, 2929, 50])
Exponential sum:  tensor(9179.8398)
tensor([[2.4979e-01, 2.5015e-01, 2.4995e-01, 2.5011e-01],
        [2.4960e-01, 2.4962e-01, 2.5020e-01, 2.5059e-01],
        [2.4963e-01, 2.5004e-01, 2.5001e-01, 2.5031e-01],
        ...,
        [5.9668e-11, 9.6466e-10, 2.1993e-06, 1.0000e+00],
        [2.4990e-01, 2.5004e-01, 2.4982e-01, 2.5024e-01],
        [2.4991e-01, 2.4999e-01, 2.4995e-01, 2.5015e-01]])
tensor(indices=tensor([[1199],
                       [   0]]),
       values=tensor([1.]),
       size=(2929, 4), nnz=1, layout=torch.sparse_coo)
torch.Size([6, 2929, 2929]) torch.Size([6, 2929, 50])
torch.Size([6, 2929, 2929]) torch.Size([6, 2929, 50])
Parameter containing:
tensor([[-0.0092,  0.0334, -0.0504,  ...,  0.0051, -0.0048, -0.0423],
        [ 0.0284,  0.0050, -0.0072,  ...,  0.0281, -0.0178, -0.1583],
        [-0.1721,  0.0193,  0.0124,  ..., -0.0166,  0.0276,  0.2005],
        ...,
        [ 0.1878, -0.0793,  0.0482,  ...,  0.1421,  0.1286, -0.1246],
        [ 0.0348, -0.0285,  0.0057,  ...,  0.0014, -0.0067, -0.1617],
        [ 0.1237, -0.0040,  0.0238,  ...,  0.0044, -0.0263,  0.1940]],
       requires_grad=True)
torch.Size([6, 2929, 2929]) torch.Size([6, 2929, 50])
Exponential sum:  tensor(10290.9443)
torch.Size([6, 2929, 2929]) torch.Size([6, 2929, 50])
Exponential sum:  tensor(9179.8398)
tensor([[2.4979e-01, 2.5015e-01, 2.4995e-01, 2.5011e-01],
        [2.4960e-01, 2.4962e-01, 2.5020e-01, 2.5059e-01],
        [2.4963e-01, 2.5004e-01, 2.5001e-01, 2.5031e-01],
        ...,
        [5.9668e-11, 9.6466e-10, 2.1993e-06, 1.0000e+00],
        [2.4990e-01, 2.5004e-01, 2.4982e-01, 2.5024e-01],
        [2.4991e-01, 2.4999e-01, 2.4995e-01, 2.5015e-01]])
tensor(indices=tensor([[2613],
                       [   2]]),
       values=tensor([1.]),
       size=(2929, 4), nnz=1, layout=torch.sparse_coo)
torch.Size([6, 2929, 2929]) torch.Size([6, 2929, 50])
torch.Size([6, 2929, 2929]) torch.Size([6, 2929, 50])
Parameter containing:
tensor([[-0.0092,  0.0334, -0.0504,  ...,  0.0051, -0.0048, -0.0423],
        [ 0.0284,  0.0050, -0.0072,  ...,  0.0281, -0.0178, -0.1583],
        [-0.1721,  0.0193,  0.0124,  ..., -0.0166,  0.0276,  0.2005],
        ...,
        [ 0.1878, -0.0793,  0.0482,  ...,  0.1421,  0.1286, -0.1246],
        [ 0.0348, -0.0285,  0.0057,  ...,  0.0014, -0.0067, -0.1617],
        [ 0.1237, -0.0040,  0.0238,  ...,  0.0044, -0.0263,  0.1940]],
       requires_grad=True)
torch.Size([6, 2929, 2929]) torch.Size([6, 2929, 50])
Exponential sum:  tensor(10290.9443)
torch.Size([6, 2929, 2929]) torch.Size([6, 2929, 50])
Exponential sum:  tensor(9179.8398)
tensor([[2.4979e-01, 2.5015e-01, 2.4995e-01, 2.5011e-01],
        [2.4960e-01, 2.4962e-01, 2.5020e-01, 2.5059e-01],
        [2.4963e-01, 2.5004e-01, 2.5001e-01, 2.5031e-01],
        ...,
        [5.9668e-11, 9.6466e-10, 2.1993e-06, 1.0000e+00],
        [2.4990e-01, 2.5004e-01, 2.4982e-01, 2.5024e-01],
        [2.4991e-01, 2.4999e-01, 2.4995e-01, 2.5015e-01]])
tensor(indices=tensor([[1469],
                       [   0]]),
       values=tensor([1.]),
       size=(2929, 4), nnz=1, layout=torch.sparse_coo)
torch.Size([6, 2929, 2929]) torch.Size([6, 2929, 50])
torch.Size([6, 2929, 2929]) torch.Size([6, 2929, 50])
Parameter containing:
tensor([[-0.0092,  0.0334, -0.0504,  ...,  0.0051, -0.0048, -0.0423],
        [ 0.0284,  0.0050, -0.0072,  ...,  0.0281, -0.0178, -0.1583],
        [-0.1721,  0.0193,  0.0124,  ..., -0.0166,  0.0276,  0.2005],
        ...,
        [ 0.1878, -0.0793,  0.0482,  ...,  0.1421,  0.1286, -0.1246],
        [ 0.0348, -0.0285,  0.0057,  ...,  0.0014, -0.0067, -0.1617],
        [ 0.1237, -0.0040,  0.0238,  ...,  0.0044, -0.0263,  0.1940]],
       requires_grad=True)
torch.Size([6, 2929, 2929]) torch.Size([6, 2929, 50])
Exponential sum:  tensor(10290.9443)
torch.Size([6, 2929, 2929]) torch.Size([6, 2929, 50])
Exponential sum:  tensor(9179.8398)
tensor([[2.4979e-01, 2.5015e-01, 2.4995e-01, 2.5011e-01],
        [2.4960e-01, 2.4962e-01, 2.5020e-01, 2.5059e-01],
        [2.4963e-01, 2.5004e-01, 2.5001e-01, 2.5031e-01],
        ...,
        [5.9668e-11, 9.6466e-10, 2.1993e-06, 1.0000e+00],
        [2.4990e-01, 2.5004e-01, 2.4982e-01, 2.5024e-01],
        [2.4991e-01, 2.4999e-01, 2.4995e-01, 2.5015e-01]])
tensor(indices=tensor([[1199],
                       [   0]]),
       values=tensor([1.]),
       size=(2929, 4), nnz=1, layout=torch.sparse_coo)
torch.Size([6, 2929, 2929]) torch.Size([6, 2929, 50])
torch.Size([6, 2929, 2929]) torch.Size([6, 2929, 50])
Parameter containing:
tensor([[-0.0092,  0.0334, -0.0504,  ...,  0.0051, -0.0048, -0.0423],
        [ 0.0284,  0.0050, -0.0072,  ...,  0.0281, -0.0178, -0.1583],
        [-0.1721,  0.0193,  0.0124,  ..., -0.0166,  0.0276,  0.2005],
        ...,
        [ 0.1878, -0.0793,  0.0482,  ...,  0.1421,  0.1286, -0.1246],
        [ 0.0348, -0.0285,  0.0057,  ...,  0.0014, -0.0067, -0.1617],
        [ 0.1237, -0.0040,  0.0238,  ...,  0.0044, -0.0263,  0.1940]],
       requires_grad=True)
torch.Size([6, 2929, 2929]) torch.Size([6, 2929, 50])
Exponential sum:  tensor(10290.9443)
torch.Size([6, 2929, 2929]) torch.Size([6, 2929, 50])
Exponential sum:  tensor(9179.8398)
tensor([[2.4979e-01, 2.5015e-01, 2.4995e-01, 2.5011e-01],
        [2.4960e-01, 2.4962e-01, 2.5020e-01, 2.5059e-01],
        [2.4963e-01, 2.5004e-01, 2.5001e-01, 2.5031e-01],
        ...,
        [5.9668e-11, 9.6466e-10, 2.1993e-06, 1.0000e+00],
        [2.4990e-01, 2.5004e-01, 2.4982e-01, 2.5024e-01],
        [2.4991e-01, 2.4999e-01, 2.4995e-01, 2.5015e-01]])
tensor(indices=tensor([[2048],
                       [   2]]),
       values=tensor([1.]),
       size=(2929, 4), nnz=1, layout=torch.sparse_coo)
torch.Size([6, 2929, 2929]) torch.Size([6, 2929, 50])
torch.Size([6, 2929, 2929]) torch.Size([6, 2929, 50])
Parameter containing:
tensor([[-0.0092,  0.0334, -0.0504,  ...,  0.0051, -0.0048, -0.0423],
        [ 0.0284,  0.0050, -0.0072,  ...,  0.0281, -0.0178, -0.1583],
        [-0.1721,  0.0193,  0.0124,  ..., -0.0166,  0.0276,  0.2005],
        ...,
        [ 0.1878, -0.0793,  0.0482,  ...,  0.1421,  0.1286, -0.1246],
        [ 0.0348, -0.0285,  0.0057,  ...,  0.0014, -0.0067, -0.1617],
        [ 0.1237, -0.0040,  0.0238,  ...,  0.0044, -0.0263,  0.1940]],
       requires_grad=True)
torch.Size([6, 2929, 2929]) torch.Size([6, 2929, 50])
Exponential sum:  tensor(10290.9443)
torch.Size([6, 2929, 2929]) torch.Size([6, 2929, 50])
Exponential sum:  tensor(9179.8398)
tensor([[2.4979e-01, 2.5015e-01, 2.4995e-01, 2.5011e-01],
        [2.4960e-01, 2.4962e-01, 2.5020e-01, 2.5059e-01],
        [2.4963e-01, 2.5004e-01, 2.5001e-01, 2.5031e-01],
        ...,
        [5.9668e-11, 9.6466e-10, 2.1993e-06, 1.0000e+00],
        [2.4990e-01, 2.5004e-01, 2.4982e-01, 2.5024e-01],
        [2.4991e-01, 2.4999e-01, 2.4995e-01, 2.5015e-01]])
tensor(indices=tensor([[1469],
                       [   0]]),
       values=tensor([1.]),
       size=(2929, 4), nnz=1, layout=torch.sparse_coo)
torch.Size([6, 2929, 2929]) torch.Size([6, 2929, 50])
torch.Size([6, 2929, 2929]) torch.Size([6, 2929, 50])
Parameter containing:
tensor([[-0.0092,  0.0334, -0.0504,  ...,  0.0051, -0.0048, -0.0423],
        [ 0.0284,  0.0050, -0.0072,  ...,  0.0281, -0.0178, -0.1583],
        [-0.1721,  0.0193,  0.0124,  ..., -0.0166,  0.0276,  0.2005],
        ...,
        [ 0.1878, -0.0793,  0.0482,  ...,  0.1421,  0.1286, -0.1246],
        [ 0.0348, -0.0285,  0.0057,  ...,  0.0014, -0.0067, -0.1617],
        [ 0.1237, -0.0040,  0.0238,  ...,  0.0044, -0.0263,  0.1940]],
       requires_grad=True)
torch.Size([6, 2929, 2929]) torch.Size([6, 2929, 50])
Exponential sum:  tensor(10290.9443)
torch.Size([6, 2929, 2929]) torch.Size([6, 2929, 50])
Exponential sum:  tensor(9179.8398)
tensor([[2.4979e-01, 2.5015e-01, 2.4995e-01, 2.5011e-01],
        [2.4960e-01, 2.4962e-01, 2.5020e-01, 2.5059e-01],
        [2.4963e-01, 2.5004e-01, 2.5001e-01, 2.5031e-01],
        ...,
        [5.9668e-11, 9.6466e-10, 2.1993e-06, 1.0000e+00],
        [2.4990e-01, 2.5004e-01, 2.4982e-01, 2.5024e-01],
        [2.4991e-01, 2.4999e-01, 2.4995e-01, 2.5015e-01]])
tensor(indices=tensor([[1199],
                       [   0]]),
       values=tensor([1.]),
       size=(2929, 4), nnz=1, layout=torch.sparse_coo)
torch.Size([6, 2929, 2929]) torch.Size([6, 2929, 50])
torch.Size([6, 2929, 2929]) torch.Size([6, 2929, 50])
Parameter containing:
tensor([[-0.0092,  0.0334, -0.0504,  ...,  0.0051, -0.0048, -0.0423],
        [ 0.0284,  0.0050, -0.0072,  ...,  0.0281, -0.0178, -0.1583],
        [-0.1721,  0.0193,  0.0124,  ..., -0.0166,  0.0276,  0.2005],
        ...,
        [ 0.1878, -0.0793,  0.0482,  ...,  0.1421,  0.1286, -0.1246],
        [ 0.0348, -0.0285,  0.0057,  ...,  0.0014, -0.0067, -0.1617],
        [ 0.1237, -0.0040,  0.0238,  ...,  0.0044, -0.0263,  0.1940]],
       requires_grad=True)
torch.Size([6, 2929, 2929]) torch.Size([6, 2929, 50])
Exponential sum:  tensor(10290.9443)
torch.Size([6, 2929, 2929]) torch.Size([6, 2929, 50])
Exponential sum:  tensor(9179.8398)
tensor([[2.4979e-01, 2.5015e-01, 2.4995e-01, 2.5011e-01],
        [2.4960e-01, 2.4962e-01, 2.5020e-01, 2.5059e-01],
        [2.4963e-01, 2.5004e-01, 2.5001e-01, 2.5031e-01],
        ...,
        [5.9668e-11, 9.6466e-10, 2.1993e-06, 1.0000e+00],
        [2.4990e-01, 2.5004e-01, 2.4982e-01, 2.5024e-01],
        [2.4991e-01, 2.4999e-01, 2.4995e-01, 2.5015e-01]])
tensor(indices=tensor([[2613],
                       [   2]]),
       values=tensor([1.]),
       size=(2929, 4), nnz=1, layout=torch.sparse_coo)
torch.Size([6, 2929, 2929]) torch.Size([6, 2929, 50])
torch.Size([6, 2929, 2929]) torch.Size([6, 2929, 50])
Parameter containing:
tensor([[-0.0092,  0.0334, -0.0504,  ...,  0.0051, -0.0048, -0.0423],
        [ 0.0284,  0.0050, -0.0072,  ...,  0.0281, -0.0178, -0.1583],
        [-0.1721,  0.0193,  0.0124,  ..., -0.0166,  0.0276,  0.2005],
        ...,
        [ 0.1878, -0.0793,  0.0482,  ...,  0.1421,  0.1286, -0.1246],
        [ 0.0348, -0.0285,  0.0057,  ...,  0.0014, -0.0067, -0.1617],
        [ 0.1237, -0.0040,  0.0238,  ...,  0.0044, -0.0263,  0.1940]],
       requires_grad=True)
torch.Size([6, 2929, 2929]) torch.Size([6, 2929, 50])
Exponential sum:  tensor(10290.9443)
torch.Size([6, 2929, 2929]) torch.Size([6, 2929, 50])
Exponential sum:  tensor(9179.8398)
tensor([[2.4979e-01, 2.5015e-01, 2.4995e-01, 2.5011e-01],
        [2.4960e-01, 2.4962e-01, 2.5020e-01, 2.5059e-01],
        [2.4963e-01, 2.5004e-01, 2.5001e-01, 2.5031e-01],
        ...,
        [5.9668e-11, 9.6466e-10, 2.1993e-06, 1.0000e+00],
        [2.4990e-01, 2.5004e-01, 2.4982e-01, 2.5024e-01],
        [2.4991e-01, 2.4999e-01, 2.4995e-01, 2.5015e-01]])
tensor(indices=tensor([[1469],
                       [   0]]),
       values=tensor([1.]),
       size=(2929, 4), nnz=1, layout=torch.sparse_coo)
torch.Size([6, 2929, 2929]) torch.Size([6, 2929, 50])
torch.Size([6, 2929, 2929]) torch.Size([6, 2929, 50])
Parameter containing:
tensor([[-0.0092,  0.0334, -0.0504,  ...,  0.0051, -0.0048, -0.0423],
        [ 0.0284,  0.0050, -0.0072,  ...,  0.0281, -0.0178, -0.1583],
        [-0.1721,  0.0193,  0.0124,  ..., -0.0166,  0.0276,  0.2005],
        ...,
        [ 0.1878, -0.0793,  0.0482,  ...,  0.1421,  0.1286, -0.1246],
        [ 0.0348, -0.0285,  0.0057,  ...,  0.0014, -0.0067, -0.1617],
        [ 0.1237, -0.0040,  0.0238,  ...,  0.0044, -0.0263,  0.1940]],
       requires_grad=True)
torch.Size([6, 2929, 2929]) torch.Size([6, 2929, 50])
Exponential sum:  tensor(10290.9443)
torch.Size([6, 2929, 2929]) torch.Size([6, 2929, 50])
Exponential sum:  tensor(9179.8398)
tensor([[2.4979e-01, 2.5015e-01, 2.4995e-01, 2.5011e-01],
        [2.4960e-01, 2.4962e-01, 2.5020e-01, 2.5059e-01],
        [2.4963e-01, 2.5004e-01, 2.5001e-01, 2.5031e-01],
        ...,
        [5.9668e-11, 9.6466e-10, 2.1993e-06, 1.0000e+00],
        [2.4990e-01, 2.5004e-01, 2.4982e-01, 2.5024e-01],
        [2.4991e-01, 2.4999e-01, 2.4995e-01, 2.5015e-01]])
tensor(indices=tensor([[1199],
                       [   0]]),
       values=tensor([1.]),
       size=(2929, 4), nnz=1, layout=torch.sparse_coo)
torch.Size([6, 2929, 2929]) torch.Size([6, 2929, 50])
torch.Size([6, 2929, 2929]) torch.Size([6, 2929, 50])
Parameter containing:
tensor([[-0.0092,  0.0334, -0.0504,  ...,  0.0051, -0.0048, -0.0423],
        [ 0.0284,  0.0050, -0.0072,  ...,  0.0281, -0.0178, -0.1583],
        [-0.1721,  0.0193,  0.0124,  ..., -0.0166,  0.0276,  0.2005],
        ...,
        [ 0.1878, -0.0793,  0.0482,  ...,  0.1421,  0.1286, -0.1246],
        [ 0.0348, -0.0285,  0.0057,  ...,  0.0014, -0.0067, -0.1617],
        [ 0.1237, -0.0040,  0.0238,  ...,  0.0044, -0.0263,  0.1940]],
       requires_grad=True)
torch.Size([6, 2929, 2929]) torch.Size([6, 2929, 50])
Exponential sum:  tensor(10290.9443)
torch.Size([6, 2929, 2929]) torch.Size([6, 2929, 50])
Exponential sum:  tensor(9179.8398)
tensor([[2.4979e-01, 2.5015e-01, 2.4995e-01, 2.5011e-01],
        [2.4960e-01, 2.4962e-01, 2.5020e-01, 2.5059e-01],
        [2.4963e-01, 2.5004e-01, 2.5001e-01, 2.5031e-01],
        ...,
        [5.9668e-11, 9.6466e-10, 2.1993e-06, 1.0000e+00],
        [2.4990e-01, 2.5004e-01, 2.4982e-01, 2.5024e-01],
        [2.4991e-01, 2.4999e-01, 2.4995e-01, 2.5015e-01]])
tensor(indices=tensor([[2048],
                       [   2]]),
       values=tensor([1.]),
       size=(2929, 4), nnz=1, layout=torch.sparse_coo)
torch.Size([6, 2929, 2929]) torch.Size([6, 2929, 50])
torch.Size([6, 2929, 2929]) torch.Size([6, 2929, 50])
count_nodes_self:  0
count_edges_self:  0
