Labels loaded.
RDF loaded.
Graph loaded.
8
0
NVIDIA RTX A6000
8
cuda:  True
0
shape edges:  torch.Size([10430, 3])
num_classes:  4
num_nodes:  2929
num_relations:  28
Parameter containing:
tensor([[-0.0559, -0.0532,  0.0102,  ..., -0.0989, -0.0087, -0.0138],
        [-0.2107, -0.1049, -0.1230,  ...,  0.1421, -0.0139,  0.2192],
        [-0.3057,  0.1433,  0.0615,  ...,  0.1595,  0.2536, -0.2123],
        ...,
        [-0.0908, -0.1860,  0.0739,  ...,  0.0658, -0.1310, -0.1251],
        [-0.1775, -0.0656,  0.3231,  ..., -0.3358, -0.2246,  0.1221],
        [ 0.1336,  0.0740,  0.1782,  ..., -0.0240,  0.0854, -0.0529]],
       requires_grad=True)
torch.Size([28, 2929, 2929]) torch.Size([28, 2929, 50])
Exponential sum:  tensor(8444.8545, grad_fn=<SumBackward0>)
torch.Size([28, 2929, 2929]) torch.Size([28, 2929, 50])
Exponential sum:  tensor(7657.4443, grad_fn=<SumBackward0>)
tensor([[0.2507, 0.2403, 0.2669, 0.2422],
        [0.2529, 0.2527, 0.2525, 0.2418],
        [0.2441, 0.2475, 0.2568, 0.2515],
        ...,
        [0.2292, 0.2554, 0.2509, 0.2646],
        [0.2362, 0.2538, 0.2546, 0.2554],
        [0.2385, 0.2537, 0.2647, 0.2430]], grad_fn=<SoftmaxBackward0>)
Epoch: 0001 loss: 1.3883 acc_train: 0.2279
Parameter containing:
tensor([[-4.5927e-02, -4.3228e-02,  2.2608e-04,  ..., -8.8873e-02,
          1.2880e-03, -3.7896e-03],
        [-2.0067e-01, -9.4868e-02, -1.1305e-01,  ...,  1.3210e-01,
         -3.9348e-03,  2.0924e-01],
        [-2.9567e-01,  1.3327e-01,  5.1523e-02,  ...,  1.4947e-01,
          2.4362e-01, -2.0233e-01],
        ...,
        [-8.0774e-02, -1.7601e-01,  6.3915e-02,  ...,  5.5757e-02,
         -1.2105e-01, -1.1514e-01],
        [-1.6751e-01, -5.5645e-02,  3.1315e-01,  ..., -3.2580e-01,
         -2.1460e-01,  1.1213e-01],
        [ 1.2359e-01,  6.4021e-02,  1.6816e-01,  ..., -1.4025e-02,
          7.5399e-02, -4.2940e-02]], requires_grad=True)
torch.Size([28, 2929, 2929]) torch.Size([28, 2929, 50])
Exponential sum:  tensor(8578.4893, grad_fn=<SumBackward0>)
torch.Size([28, 2929, 2929]) torch.Size([28, 2929, 50])
Exponential sum:  tensor(7757.8413, grad_fn=<SumBackward0>)
tensor([[0.2440, 0.2413, 0.2646, 0.2501],
        [0.2432, 0.2511, 0.2538, 0.2518],
        [0.2378, 0.2476, 0.2549, 0.2597],
        ...,
        [0.2096, 0.2310, 0.2631, 0.2963],
        [0.2332, 0.2516, 0.2512, 0.2640],
        [0.2350, 0.2536, 0.2606, 0.2508]], grad_fn=<SoftmaxBackward0>)
Epoch: 0002 loss: 1.3797 acc_train: 0.4078
Parameter containing:
tensor([[-0.0360, -0.0333, -0.0067,  ..., -0.0789,  0.0068,  0.0046],
        [-0.1907, -0.0849, -0.1031,  ...,  0.1221,  0.0045,  0.1993],
        [-0.2857,  0.1233,  0.0416,  ...,  0.1395,  0.2336, -0.1923],
        ...,
        [-0.0708, -0.1661,  0.0540,  ...,  0.0457, -0.1111, -0.1051],
        [-0.1575, -0.0457,  0.3032,  ..., -0.3158, -0.2046,  0.1022],
        [ 0.1136,  0.0541,  0.1582,  ..., -0.0045,  0.0655, -0.0331]],
       requires_grad=True)
torch.Size([28, 2929, 2929]) torch.Size([28, 2929, 50])
Exponential sum:  tensor(8706.7871, grad_fn=<SumBackward0>)
torch.Size([28, 2929, 2929]) torch.Size([28, 2929, 50])
Exponential sum:  tensor(7844.5269, grad_fn=<SumBackward0>)
tensor([[0.2397, 0.2416, 0.2629, 0.2558],
        [0.2370, 0.2502, 0.2531, 0.2597],
        [0.2334, 0.2472, 0.2543, 0.2651],
        ...,
        [0.1944, 0.2031, 0.2692, 0.3334],
        [0.2306, 0.2504, 0.2483, 0.2707],
        [0.2331, 0.2526, 0.2567, 0.2576]], grad_fn=<SoftmaxBackward0>)
Epoch: 0003 loss: 1.3716 acc_train: 0.4145
Parameter containing:
tensor([[-0.0263, -0.0237, -0.0076,  ..., -0.0690,  0.0063,  0.0087],
        [-0.1807, -0.0750, -0.0932,  ...,  0.1122,  0.0088,  0.1893],
        [-0.2757,  0.1134,  0.0319,  ...,  0.1296,  0.2237, -0.1824],
        ...,
        [-0.0609, -0.1562,  0.0447,  ...,  0.0357, -0.1014, -0.0952],
        [-0.1476, -0.0360,  0.2932,  ..., -0.3058, -0.1947,  0.0922],
        [ 0.1037,  0.0443,  0.1482,  ...,  0.0038,  0.0556, -0.0234]],
       requires_grad=True)
torch.Size([28, 2929, 2929]) torch.Size([28, 2929, 50])
Exponential sum:  tensor(8822.5664, grad_fn=<SumBackward0>)
torch.Size([28, 2929, 2929]) torch.Size([28, 2929, 50])
Exponential sum:  tensor(7824.5386, grad_fn=<SumBackward0>)
tensor([[0.2373, 0.2417, 0.2613, 0.2597],
        [0.2336, 0.2494, 0.2521, 0.2649],
        [0.2307, 0.2468, 0.2540, 0.2685],
        ...,
        [0.1675, 0.1700, 0.2780, 0.3845],
        [0.2300, 0.2488, 0.2465, 0.2748],
        [0.2331, 0.2509, 0.2540, 0.2620]], grad_fn=<SoftmaxBackward0>)
Epoch: 0004 loss: 1.3615 acc_train: 0.3944
Parameter containing:
tensor([[-0.0170, -0.0144, -0.0051,  ..., -0.0593,  0.0031,  0.0086],
        [-0.1708, -0.0652, -0.0833,  ...,  0.1023,  0.0090,  0.1794],
        [-0.2658,  0.1035,  0.0224,  ...,  0.1197,  0.2137, -0.1725],
        ...,
        [-0.0510, -0.1463,  0.0357,  ...,  0.0257, -0.0920, -0.0852],
        [-0.1377, -0.0264,  0.2832,  ..., -0.2959, -0.1847,  0.0824],
        [ 0.0938,  0.0347,  0.1383,  ...,  0.0097,  0.0459, -0.0141]],
       requires_grad=True)
torch.Size([28, 2929, 2929]) torch.Size([28, 2929, 50])
Exponential sum:  tensor(8942.3516, grad_fn=<SumBackward0>)
torch.Size([28, 2929, 2929]) torch.Size([28, 2929, 50])
Exponential sum:  tensor(7794.5181, grad_fn=<SumBackward0>)
tensor([[0.2363, 0.2416, 0.2601, 0.2620],
        [0.2322, 0.2489, 0.2511, 0.2679],
        [0.2297, 0.2461, 0.2537, 0.2704],
        ...,
        [0.1286, 0.1291, 0.2821, 0.4603],
        [0.2308, 0.2479, 0.2453, 0.2760],
        [0.2341, 0.2496, 0.2525, 0.2637]], grad_fn=<SoftmaxBackward0>)
Epoch: 0005 loss: 1.3473 acc_train: 0.3955
Parameter containing:
tensor([[-0.0082, -0.0057, -0.0013,  ..., -0.0497, -0.0007,  0.0061],
        [-0.1609, -0.0556, -0.0736,  ...,  0.0926,  0.0066,  0.1695],
        [-0.2559,  0.0937,  0.0134,  ...,  0.1099,  0.2038, -0.1626],
        ...,
        [-0.0411, -0.1366,  0.0265,  ...,  0.0156, -0.0829, -0.0754],
        [-0.1279, -0.0173,  0.2733,  ..., -0.2860, -0.1749,  0.0727],
        [ 0.0841,  0.0253,  0.1285,  ...,  0.0127,  0.0364, -0.0054]],
       requires_grad=True)
torch.Size([28, 2929, 2929]) torch.Size([28, 2929, 50])
Exponential sum:  tensor(9063.4014, grad_fn=<SumBackward0>)
torch.Size([28, 2929, 2929]) torch.Size([28, 2929, 50])
Exponential sum:  tensor(7771.6304, grad_fn=<SumBackward0>)
tensor([[0.2364, 0.2415, 0.2591, 0.2629],
        [0.2325, 0.2487, 0.2499, 0.2690],
        [0.2300, 0.2458, 0.2534, 0.2708],
        ...,
        [0.0819, 0.0831, 0.2685, 0.5664],
        [0.2328, 0.2477, 0.2443, 0.2752],
        [0.2356, 0.2486, 0.2519, 0.2640]], grad_fn=<SoftmaxBackward0>)
Epoch: 0006 loss: 1.3284 acc_train: 0.4190
Parameter containing:
tensor([[-1.2954e-04,  2.1741e-03,  2.4185e-03,  ..., -4.0323e-02,
         -3.6970e-03,  2.3720e-03],
        [-1.5115e-01, -4.6197e-02, -6.4076e-02,  ...,  8.2930e-02,
          2.9406e-03,  1.5969e-01],
        [-2.4598e-01,  8.4092e-02,  4.9761e-03,  ...,  1.0017e-01,
          1.9400e-01, -1.5281e-01],
        ...,
        [-3.1239e-02, -1.2691e-01,  1.7544e-02,  ...,  5.5310e-03,
         -7.4283e-02, -6.5892e-02],
        [-1.1812e-01, -8.6875e-03,  2.6343e-01,  ..., -2.7607e-01,
         -1.6505e-01,  6.3174e-02],
        [ 7.4499e-02,  1.6440e-02,  1.1876e-01,  ...,  1.2972e-02,
          2.7276e-02,  2.3799e-03]], requires_grad=True)
torch.Size([28, 2929, 2929]) torch.Size([28, 2929, 50])
Exponential sum:  tensor(9185.3486, grad_fn=<SumBackward0>)
torch.Size([28, 2929, 2929]) torch.Size([28, 2929, 50])
Exponential sum:  tensor(7714.8296, grad_fn=<SumBackward0>)
tensor([[0.2373, 0.2415, 0.2584, 0.2628],
        [0.2337, 0.2488, 0.2489, 0.2686],
        [0.2310, 0.2458, 0.2532, 0.2700],
        ...,
        [0.0416, 0.0431, 0.2363, 0.6790],
        [0.2355, 0.2479, 0.2436, 0.2730],
        [0.2372, 0.2480, 0.2512, 0.2635]], grad_fn=<SoftmaxBackward0>)
Epoch: 0007 loss: 1.3056 acc_train: 0.4570
Parameter containing:
tensor([[ 0.0069,  0.0089,  0.0049,  ..., -0.0313, -0.0048, -0.0014],
        [-0.1414, -0.0370, -0.0547,  ...,  0.0734, -0.0009,  0.1500],
        [-0.2362,  0.0746, -0.0026,  ...,  0.0906,  0.1842, -0.1431],
        ...,
        [-0.0214, -0.1173,  0.0086,  ..., -0.0043, -0.0659, -0.0568],
        [-0.1085, -0.0008,  0.2536,  ..., -0.2662, -0.1553,  0.0538],
        [ 0.0651,  0.0081,  0.1091,  ...,  0.0113,  0.0185,  0.0090]],
       requires_grad=True)
torch.Size([28, 2929, 2929]) torch.Size([28, 2929, 50])
Exponential sum:  tensor(9309.3936, grad_fn=<SumBackward0>)
torch.Size([28, 2929, 2929]) torch.Size([28, 2929, 50])
Exponential sum:  tensor(7629.2163, grad_fn=<SumBackward0>)
tensor([[0.2386, 0.2416, 0.2576, 0.2621],
        [0.2354, 0.2491, 0.2481, 0.2674],
        [0.2325, 0.2460, 0.2529, 0.2686],
        ...,
        [0.0178, 0.0186, 0.1987, 0.7649],
        [0.2381, 0.2483, 0.2435, 0.2701],
        [0.2391, 0.2478, 0.2510, 0.2621]], grad_fn=<SoftmaxBackward0>)
Epoch: 0008 loss: 1.2819 acc_train: 0.4782
Parameter containing:
tensor([[ 0.0127,  0.0143,  0.0056,  ..., -0.0226, -0.0040, -0.0045],
        [-0.1318, -0.0282, -0.0456,  ...,  0.0641, -0.0041,  0.1403],
        [-0.2264,  0.0653, -0.0092,  ...,  0.0812,  0.1745, -0.1335],
        ...,
        [-0.0116, -0.1077, -0.0005,  ..., -0.0133, -0.0574, -0.0481],
        [-0.0990,  0.0062,  0.2438,  ..., -0.2564, -0.1457,  0.0447],
        [ 0.0558,  0.0004,  0.0996,  ...,  0.0084,  0.0103,  0.0143]],
       requires_grad=True)
torch.Size([28, 2929, 2929]) torch.Size([28, 2929, 50])
Exponential sum:  tensor(9421.3926, grad_fn=<SumBackward0>)
torch.Size([28, 2929, 2929]) torch.Size([28, 2929, 50])
Exponential sum:  tensor(7381.5449, grad_fn=<SumBackward0>)
tensor([[0.2401, 0.2420, 0.2567, 0.2612],
        [0.2373, 0.2496, 0.2473, 0.2658],
        [0.2341, 0.2465, 0.2525, 0.2668],
        ...,
        [0.0077, 0.0082, 0.1831, 0.8010],
        [0.2407, 0.2489, 0.2436, 0.2668],
        [0.2410, 0.2480, 0.2508, 0.2602]], grad_fn=<SoftmaxBackward0>)
Epoch: 0009 loss: 1.2598 acc_train: 0.5039
Parameter containing:
tensor([[ 0.0171,  0.0181,  0.0046,  ..., -0.0143, -0.0020, -0.0061],
        [-0.1223, -0.0198, -0.0368,  ...,  0.0551, -0.0059,  0.1308],
        [-0.2167,  0.0562, -0.0145,  ...,  0.0719,  0.1649, -0.1240],
        ...,
        [-0.0018, -0.0981, -0.0099,  ..., -0.0213, -0.0488, -0.0400],
        [-0.0896,  0.0121,  0.2341,  ..., -0.2467, -0.1361,  0.0359],
        [ 0.0469, -0.0064,  0.0903,  ...,  0.0048,  0.0026,  0.0181]],
       requires_grad=True)
torch.Size([28, 2929, 2929]) torch.Size([28, 2929, 50])
Exponential sum:  tensor(9532.5420, grad_fn=<SumBackward0>)
torch.Size([28, 2929, 2929]) torch.Size([28, 2929, 50])
Exponential sum:  tensor(7289.4082, grad_fn=<SumBackward0>)
tensor([[0.2415, 0.2430, 0.2554, 0.2601],
        [0.2393, 0.2502, 0.2469, 0.2636],
        [0.2358, 0.2472, 0.2523, 0.2647],
        ...,
        [0.0044, 0.0047, 0.2226, 0.7682],
        [0.2429, 0.2495, 0.2440, 0.2637],
        [0.2428, 0.2483, 0.2507, 0.2581]], grad_fn=<SoftmaxBackward0>)
Epoch: 0010 loss: 1.2382 acc_train: 0.5441
Parameter containing:
tensor([[ 0.0200,  0.0204,  0.0024,  ..., -0.0067,  0.0004, -0.0062],
        [-0.1130, -0.0119, -0.0283,  ...,  0.0462, -0.0063,  0.1214],
        [-0.2071,  0.0474, -0.0186,  ...,  0.0629,  0.1554, -0.1146],
        ...,
        [ 0.0081, -0.0883, -0.0195,  ..., -0.0278, -0.0403, -0.0329],
        [-0.0804,  0.0168,  0.2244,  ..., -0.2370, -0.1267,  0.0275],
        [ 0.0382, -0.0123,  0.0811,  ...,  0.0010, -0.0043,  0.0203]],
       requires_grad=True)
torch.Size([28, 2929, 2929]) torch.Size([28, 2929, 50])
Exponential sum:  tensor(9642.4541, grad_fn=<SumBackward0>)
torch.Size([28, 2929, 2929]) torch.Size([28, 2929, 50])
Exponential sum:  tensor(7309.8770, grad_fn=<SumBackward0>)
tensor([[0.2425, 0.2446, 0.2540, 0.2589],
        [0.2415, 0.2508, 0.2468, 0.2609],
        [0.2376, 0.2478, 0.2521, 0.2625],
        ...,
        [0.0034, 0.0037, 0.3440, 0.6489],
        [0.2448, 0.2499, 0.2446, 0.2606],
        [0.2443, 0.2487, 0.2507, 0.2562]], grad_fn=<SoftmaxBackward0>)
Epoch: 0011 loss: 1.2158 acc_train: 0.5944
Parameter containing:
tensor([[ 2.1449e-02,  2.1310e-02, -8.3105e-05,  ...,  3.9329e-04,
          2.4096e-03, -4.9128e-03],
        [-1.0375e-01, -4.5079e-03, -2.0259e-02,  ...,  3.7743e-02,
         -5.2246e-03,  1.1215e-01],
        [-1.9753e-01,  3.8841e-02, -2.1235e-02,  ...,  5.4151e-02,
          1.4600e-01, -1.0538e-01],
        ...,
        [ 1.7875e-02, -7.8447e-02, -2.9303e-02,  ..., -3.2903e-02,
         -3.2064e-02, -2.7451e-02],
        [-7.1475e-02,  2.0276e-02,  2.1488e-01,  ..., -2.2744e-01,
         -1.1742e-01,  1.9449e-02],
        [ 2.9851e-02, -1.7021e-02,  7.2107e-02,  ..., -2.5298e-03,
         -1.0305e-02,  2.1141e-02]], requires_grad=True)
torch.Size([28, 2929, 2929]) torch.Size([28, 2929, 50])
Exponential sum:  tensor(9748.3301, grad_fn=<SumBackward0>)
torch.Size([28, 2929, 2929]) torch.Size([28, 2929, 50])
Exponential sum:  tensor(7377.6943, grad_fn=<SumBackward0>)
tensor([[0.2436, 0.2459, 0.2528, 0.2577],
        [0.2434, 0.2514, 0.2468, 0.2584],
        [0.2393, 0.2484, 0.2519, 0.2604],
        ...,
        [0.0028, 0.0030, 0.5204, 0.4739],
        [0.2463, 0.2504, 0.2454, 0.2579],
        [0.2457, 0.2491, 0.2507, 0.2545]], grad_fn=<SoftmaxBackward0>)
Epoch: 0012 loss: 1.1955 acc_train: 0.6011
Parameter containing:
tensor([[ 0.0217,  0.0209, -0.0023,  ...,  0.0067,  0.0034, -0.0028],
        [-0.0947,  0.0022, -0.0127,  ...,  0.0296, -0.0033,  0.1031],
        [-0.1881,  0.0307, -0.0226,  ...,  0.0457,  0.1367, -0.0963],
        ...,
        [ 0.0278, -0.0683, -0.0391,  ..., -0.0358, -0.0243, -0.0244],
        [-0.0627,  0.0224,  0.2054,  ..., -0.2179, -0.1083,  0.0119],
        [ 0.0219, -0.0206,  0.0634,  ..., -0.0054, -0.0154,  0.0207]],
       requires_grad=True)
torch.Size([28, 2929, 2929]) torch.Size([28, 2929, 50])
Exponential sum:  tensor(9849.0879, grad_fn=<SumBackward0>)
torch.Size([28, 2929, 2929]) torch.Size([28, 2929, 50])
Exponential sum:  tensor(7527.6660, grad_fn=<SumBackward0>)
tensor([[0.2447, 0.2472, 0.2517, 0.2564],
        [0.2451, 0.2516, 0.2471, 0.2562],
        [0.2410, 0.2488, 0.2517, 0.2586],
        ...,
        [0.0017, 0.0019, 0.5949, 0.4015],
        [0.2476, 0.2507, 0.2461, 0.2556],
        [0.2469, 0.2495, 0.2506, 0.2531]], grad_fn=<SoftmaxBackward0>)
Epoch: 0013 loss: 1.1748 acc_train: 0.5955
Parameter containing:
tensor([[ 0.0208,  0.0195, -0.0037,  ...,  0.0123,  0.0033, -0.0003],
        [-0.0859,  0.0082, -0.0056,  ...,  0.0218, -0.0009,  0.0941],
        [-0.1788,  0.0229, -0.0228,  ...,  0.0375,  0.1276, -0.0875],
        ...,
        [ 0.0377, -0.0580, -0.0490,  ..., -0.0372, -0.0174, -0.0238],
        [-0.0543,  0.0234,  0.1960,  ..., -0.2085, -0.0993,  0.0049],
        [ 0.0144, -0.0231,  0.0549,  ..., -0.0073, -0.0195,  0.0192]],
       requires_grad=True)
torch.Size([28, 2929, 2929]) torch.Size([28, 2929, 50])
Exponential sum:  tensor(9939.0098, grad_fn=<SumBackward0>)
torch.Size([28, 2929, 2929]) torch.Size([28, 2929, 50])
Exponential sum:  tensor(7684.4604, grad_fn=<SumBackward0>)
tensor([[0.2458, 0.2484, 0.2507, 0.2552],
        [0.2463, 0.2514, 0.2477, 0.2546],
        [0.2426, 0.2491, 0.2515, 0.2569],
        ...,
        [0.0007, 0.0010, 0.5156, 0.4827],
        [0.2484, 0.2508, 0.2467, 0.2541],
        [0.2480, 0.2496, 0.2505, 0.2519]], grad_fn=<SoftmaxBackward0>)
Epoch: 0014 loss: 1.1486 acc_train: 0.6179
Parameter containing:
tensor([[ 0.0189,  0.0173, -0.0040,  ...,  0.0169,  0.0022,  0.0020],
        [-0.0772,  0.0135,  0.0009,  ...,  0.0145,  0.0015,  0.0854],
        [-0.1695,  0.0155, -0.0220,  ...,  0.0297,  0.1186, -0.0788],
        ...,
        [ 0.0478, -0.0476, -0.0590,  ..., -0.0384, -0.0114, -0.0253],
        [-0.0461,  0.0233,  0.1867,  ..., -0.1992, -0.0906, -0.0016],
        [ 0.0074, -0.0245,  0.0467,  ..., -0.0081, -0.0226,  0.0169]],
       requires_grad=True)
torch.Size([28, 2929, 2929]) torch.Size([28, 2929, 50])
Exponential sum:  tensor(10016.6221, grad_fn=<SumBackward0>)
torch.Size([28, 2929, 2929]) torch.Size([28, 2929, 50])
Exponential sum:  tensor(7782.1729, grad_fn=<SumBackward0>)
tensor([[2.4687e-01, 2.4946e-01, 2.4973e-01, 2.5394e-01],
        [2.4712e-01, 2.5130e-01, 2.4818e-01, 2.5340e-01],
        [2.4399e-01, 2.4932e-01, 2.5126e-01, 2.5543e-01],
        ...,
        [1.7659e-04, 3.2819e-04, 2.7469e-01, 7.2480e-01],
        [2.4906e-01, 2.5077e-01, 2.4738e-01, 2.5279e-01],
        [2.4882e-01, 2.4966e-01, 2.5035e-01, 2.5116e-01]],
       grad_fn=<SoftmaxBackward0>)
Epoch: 0015 loss: 1.1201 acc_train: 0.6536
Parameter containing:
tensor([[ 0.0164,  0.0144, -0.0032,  ...,  0.0207,  0.0005,  0.0036],
        [-0.0688,  0.0179,  0.0067,  ...,  0.0077,  0.0033,  0.0769],
        [-0.1605,  0.0086, -0.0203,  ...,  0.0223,  0.1098, -0.0704],
        ...,
        [ 0.0582, -0.0370, -0.0692,  ..., -0.0402, -0.0064, -0.0288],
        [-0.0382,  0.0223,  0.1776,  ..., -0.1900, -0.0820, -0.0074],
        [ 0.0010, -0.0248,  0.0388,  ..., -0.0078, -0.0247,  0.0140]],
       requires_grad=True)
torch.Size([28, 2929, 2929]) torch.Size([28, 2929, 50])
Exponential sum:  tensor(10080.9248, grad_fn=<SumBackward0>)
torch.Size([28, 2929, 2929]) torch.Size([28, 2929, 50])
Exponential sum:  tensor(7907.4146, grad_fn=<SumBackward0>)
tensor([[2.4782e-01, 2.5025e-01, 2.4909e-01, 2.5284e-01],
        [2.4776e-01, 2.5123e-01, 2.4846e-01, 2.5255e-01],
        [2.4529e-01, 2.4944e-01, 2.5099e-01, 2.5428e-01],
        ...,
        [2.4399e-05, 6.6476e-05, 9.8138e-02, 9.0177e-01],
        [2.4953e-01, 2.5073e-01, 2.4804e-01, 2.5170e-01],
        [2.4936e-01, 2.4971e-01, 2.5027e-01, 2.5065e-01]],
       grad_fn=<SoftmaxBackward0>)
Epoch: 0016 loss: 1.0979 acc_train: 0.6659
Parameter containing:
tensor([[ 0.0134,  0.0111, -0.0017,  ...,  0.0237, -0.0012,  0.0044],
        [-0.0607,  0.0214,  0.0119,  ...,  0.0014,  0.0042,  0.0687],
        [-0.1515,  0.0023, -0.0179,  ...,  0.0153,  0.1012, -0.0622],
        ...,
        [ 0.0683, -0.0266, -0.0792,  ..., -0.0417, -0.0020, -0.0328],
        [-0.0307,  0.0204,  0.1686,  ..., -0.1809, -0.0737, -0.0125],
        [-0.0049, -0.0242,  0.0313,  ..., -0.0066, -0.0258,  0.0107]],
       requires_grad=True)
torch.Size([28, 2929, 2929]) torch.Size([28, 2929, 50])
Exponential sum:  tensor(10121.3516, grad_fn=<SumBackward0>)
torch.Size([28, 2929, 2929]) torch.Size([28, 2929, 50])
Exponential sum:  tensor(8081.6021, grad_fn=<SumBackward0>)
tensor([[2.4858e-01, 2.5065e-01, 2.4884e-01, 2.5193e-01],
        [2.4809e-01, 2.5101e-01, 2.4888e-01, 2.5202e-01],
        [2.4645e-01, 2.4950e-01, 2.5083e-01, 2.5322e-01],
        ...,
        [5.1065e-06, 1.8436e-05, 5.3712e-02, 9.4626e-01],
        [2.4985e-01, 2.5069e-01, 2.4863e-01, 2.5084e-01],
        [2.4969e-01, 2.4981e-01, 2.5008e-01, 2.5042e-01]],
       grad_fn=<SoftmaxBackward0>)
Epoch: 0017 loss: 1.0765 acc_train: 0.6749
Parameter containing:
tensor([[ 9.9849e-03,  7.5249e-03,  1.2521e-04,  ...,  2.5689e-02,
         -2.3069e-03,  4.1535e-03],
        [-5.2840e-02,  2.4179e-02,  1.6375e-02,  ..., -4.3326e-03,
          4.2129e-03,  6.0665e-02],
        [-1.4271e-01, -3.5142e-03, -1.5001e-02,  ...,  8.7167e-03,
          9.2795e-02, -5.4352e-02],
        ...,
        [ 7.7459e-02, -1.6402e-02, -8.8352e-02,  ..., -4.2727e-02,
          2.0133e-03, -3.6781e-02],
        [-2.3555e-02,  1.7951e-02,  1.5967e-01,  ..., -1.7198e-01,
         -6.5614e-02, -1.6853e-02],
        [-1.0083e-02, -2.2869e-02,  2.4118e-02,  ..., -4.7934e-03,
         -2.6058e-02,  7.1558e-03]], requires_grad=True)
torch.Size([28, 2929, 2929]) torch.Size([28, 2929, 50])
Exponential sum:  tensor(10151.9033, grad_fn=<SumBackward0>)
torch.Size([28, 2929, 2929]) torch.Size([28, 2929, 50])
Exponential sum:  tensor(8235.9824, grad_fn=<SumBackward0>)
tensor([[2.4904e-01, 2.5078e-01, 2.4880e-01, 2.5138e-01],
        [2.4826e-01, 2.5077e-01, 2.4934e-01, 2.5163e-01],
        [2.4739e-01, 2.4949e-01, 2.5075e-01, 2.5237e-01],
        ...,
        [1.4469e-06, 6.5642e-06, 4.0833e-02, 9.5916e-01],
        [2.5008e-01, 2.5037e-01, 2.4915e-01, 2.5040e-01],
        [2.4988e-01, 2.4989e-01, 2.5001e-01, 2.5022e-01]],
       grad_fn=<SoftmaxBackward0>)
Epoch: 0018 loss: 1.0594 acc_train: 0.7061
Parameter containing:
tensor([[ 0.0064,  0.0039,  0.0017,  ...,  0.0269, -0.0026,  0.0031],
        [-0.0453,  0.0261,  0.0201,  ..., -0.0095,  0.0034,  0.0529],
        [-0.1341, -0.0087, -0.0117,  ...,  0.0027,  0.0846, -0.0468],
        ...,
        [ 0.0855, -0.0066, -0.0966,  ..., -0.0432,  0.0056, -0.0407],
        [-0.0168,  0.0150,  0.1509,  ..., -0.1632, -0.0578, -0.0205],
        [-0.0147, -0.0208,  0.0174,  ..., -0.0026, -0.0255,  0.0036]],
       requires_grad=True)
torch.Size([28, 2929, 2929]) torch.Size([28, 2929, 50])
Exponential sum:  tensor(10182.8477, grad_fn=<SumBackward0>)
torch.Size([28, 2929, 2929]) torch.Size([28, 2929, 50])
Exponential sum:  tensor(8402.9014, grad_fn=<SumBackward0>)
tensor([[2.4923e-01, 2.5071e-01, 2.4898e-01, 2.5108e-01],
        [2.4841e-01, 2.5055e-01, 2.4967e-01, 2.5137e-01],
        [2.4814e-01, 2.4961e-01, 2.5053e-01, 2.5173e-01],
        ...,
        [3.2310e-07, 1.9312e-06, 2.0897e-02, 9.7910e-01],
        [2.5002e-01, 2.5027e-01, 2.4953e-01, 2.5018e-01],
        [2.4984e-01, 2.4994e-01, 2.5001e-01, 2.5021e-01]],
       grad_fn=<SoftmaxBackward0>)
Epoch: 0019 loss: 1.0487 acc_train: 0.7106
Parameter containing:
tensor([[ 2.9179e-03,  4.5994e-04,  2.7284e-03,  ...,  2.7286e-02,
         -2.1234e-03,  1.5610e-03],
        [-3.8036e-02,  2.7191e-02,  2.3137e-02,  ..., -1.4002e-02,
          1.9228e-03,  4.5525e-02],
        [-1.2560e-01, -1.3336e-02, -8.2768e-03,  ..., -2.8601e-03,
          7.6636e-02, -3.9481e-02],
        ...,
        [ 9.2056e-02,  2.5933e-03, -1.0363e-01,  ..., -4.3040e-02,
          8.7466e-03, -4.4129e-02],
        [-1.0525e-02,  1.1763e-02,  1.4233e-01,  ..., -1.5450e-01,
         -5.0285e-02, -2.3450e-02],
        [-1.8577e-02, -1.8305e-02,  1.1044e-02,  ..., -2.4195e-04,
         -2.4233e-02,  1.4589e-04]], requires_grad=True)
torch.Size([28, 2929, 2929]) torch.Size([28, 2929, 50])
Exponential sum:  tensor(10212.8604, grad_fn=<SumBackward0>)
torch.Size([28, 2929, 2929]) torch.Size([28, 2929, 50])
Exponential sum:  tensor(8548.0645, grad_fn=<SumBackward0>)
tensor([[2.4939e-01, 2.5061e-01, 2.4919e-01, 2.5082e-01],
        [2.4874e-01, 2.5021e-01, 2.4983e-01, 2.5122e-01],
        [2.4860e-01, 2.4967e-01, 2.5031e-01, 2.5143e-01],
        ...,
        [5.0387e-08, 4.2619e-07, 4.9453e-03, 9.9505e-01],
        [2.4994e-01, 2.5019e-01, 2.4978e-01, 2.5009e-01],
        [2.4971e-01, 2.4998e-01, 2.5003e-01, 2.5028e-01]],
       grad_fn=<SoftmaxBackward0>)
Epoch: 0020 loss: 1.0341 acc_train: 0.7140
Parameter containing:
tensor([[-0.0004, -0.0027,  0.0029,  ...,  0.0270, -0.0010, -0.0002],
        [-0.0311,  0.0276,  0.0254,  ..., -0.0179,  0.0002,  0.0384],
        [-0.1173, -0.0173, -0.0048,  ..., -0.0079,  0.0689, -0.0325],
        ...,
        [ 0.0965,  0.0111, -0.1090,  ..., -0.0419,  0.0115, -0.0469],
        [-0.0047,  0.0083,  0.1339,  ..., -0.1460, -0.0431, -0.0257],
        [-0.0218, -0.0154,  0.0052,  ...,  0.0019, -0.0224, -0.0030]],
       requires_grad=True)
torch.Size([28, 2929, 2929]) torch.Size([28, 2929, 50])
Exponential sum:  tensor(10240.7432, grad_fn=<SumBackward0>)
torch.Size([28, 2929, 2929]) torch.Size([28, 2929, 50])
Exponential sum:  tensor(8693.8779, grad_fn=<SumBackward0>)
tensor([[2.4948e-01, 2.5051e-01, 2.4939e-01, 2.5063e-01],
        [2.4917e-01, 2.5001e-01, 2.4984e-01, 2.5098e-01],
        [2.4904e-01, 2.4972e-01, 2.5011e-01, 2.5112e-01],
        ...,
        [7.4081e-09, 8.8563e-08, 9.1539e-04, 9.9908e-01],
        [2.4989e-01, 2.5005e-01, 2.5003e-01, 2.5003e-01],
        [2.4958e-01, 2.4998e-01, 2.5010e-01, 2.5034e-01]],
       grad_fn=<SoftmaxBackward0>)
Epoch: 0021 loss: 1.0232 acc_train: 0.7218
Parameter containing:
tensor([[-0.0035, -0.0055,  0.0023,  ...,  0.0260,  0.0003, -0.0017],
        [-0.0246,  0.0272,  0.0270,  ..., -0.0212, -0.0014,  0.0317],
        [-0.1092, -0.0207, -0.0014,  ..., -0.0123,  0.0615, -0.0259],
        ...,
        [ 0.0989,  0.0187, -0.1127,  ..., -0.0399,  0.0137, -0.0488],
        [ 0.0007,  0.0049,  0.1257,  ..., -0.1376, -0.0362, -0.0272],
        [-0.0244, -0.0122, -0.0002,  ...,  0.0036, -0.0200, -0.0057]],
       requires_grad=True)
torch.Size([28, 2929, 2929]) torch.Size([28, 2929, 50])
Exponential sum:  tensor(10265.9648, grad_fn=<SumBackward0>)
torch.Size([28, 2929, 2929]) torch.Size([28, 2929, 50])
Exponential sum:  tensor(8842.7148, grad_fn=<SumBackward0>)
tensor([[2.4958e-01, 2.5037e-01, 2.4954e-01, 2.5050e-01],
        [2.4955e-01, 2.4983e-01, 2.4989e-01, 2.5073e-01],
        [2.4937e-01, 2.4975e-01, 2.5002e-01, 2.5086e-01],
        ...,
        [1.4522e-09, 2.3033e-08, 2.2868e-04, 9.9977e-01],
        [2.4989e-01, 2.5006e-01, 2.5008e-01, 2.4998e-01],
        [2.4957e-01, 2.4997e-01, 2.5012e-01, 2.5034e-01]],
       grad_fn=<SoftmaxBackward0>)
Epoch: 0022 loss: 1.0157 acc_train: 0.7251
Parameter containing:
tensor([[-0.0060, -0.0077,  0.0012,  ...,  0.0245,  0.0014, -0.0028],
        [-0.0184,  0.0263,  0.0280,  ..., -0.0238, -0.0025,  0.0252],
        [-0.1013, -0.0234,  0.0018,  ..., -0.0162,  0.0543, -0.0197],
        ...,
        [ 0.0996,  0.0256, -0.1149,  ..., -0.0371,  0.0156, -0.0500],
        [ 0.0056,  0.0016,  0.1176,  ..., -0.1295, -0.0296, -0.0280],
        [-0.0263, -0.0088, -0.0051,  ...,  0.0047, -0.0173, -0.0078]],
       requires_grad=True)
torch.Size([28, 2929, 2929]) torch.Size([28, 2929, 50])
Exponential sum:  tensor(10287.6846, grad_fn=<SumBackward0>)
torch.Size([28, 2929, 2929]) torch.Size([28, 2929, 50])
Exponential sum:  tensor(8965.7197, grad_fn=<SumBackward0>)
tensor([[2.4977e-01, 2.5031e-01, 2.4963e-01, 2.5030e-01],
        [2.4982e-01, 2.4970e-01, 2.4998e-01, 2.5049e-01],
        [2.4961e-01, 2.4976e-01, 2.5001e-01, 2.5062e-01],
        ...,
        [4.0586e-10, 8.2281e-09, 8.5705e-05, 9.9991e-01],
        [2.4984e-01, 2.5008e-01, 2.5013e-01, 2.4995e-01],
        [2.4961e-01, 2.4997e-01, 2.5013e-01, 2.5029e-01]],
       grad_fn=<SoftmaxBackward0>)
Epoch: 0023 loss: 1.0096 acc_train: 0.7307
Parameter containing:
tensor([[-0.0081, -0.0093, -0.0001,  ...,  0.0225,  0.0020, -0.0031],
        [-0.0126,  0.0249,  0.0283,  ..., -0.0258, -0.0031,  0.0192],
        [-0.0936, -0.0255,  0.0045,  ..., -0.0195,  0.0474, -0.0139],
        ...,
        [ 0.0987,  0.0317, -0.1157,  ..., -0.0337,  0.0169, -0.0504],
        [ 0.0099, -0.0015,  0.1097,  ..., -0.1215, -0.0234, -0.0282],
        [-0.0276, -0.0055, -0.0096,  ...,  0.0051, -0.0143, -0.0093]],
       requires_grad=True)
torch.Size([28, 2929, 2929]) torch.Size([28, 2929, 50])
Exponential sum:  tensor(10305.3789, grad_fn=<SumBackward0>)
torch.Size([28, 2929, 2929]) torch.Size([28, 2929, 50])
Exponential sum:  tensor(9096.0635, grad_fn=<SumBackward0>)
tensor([[2.4988e-01, 2.5029e-01, 2.4973e-01, 2.5010e-01],
        [2.4996e-01, 2.4962e-01, 2.5010e-01, 2.5032e-01],
        [2.4971e-01, 2.4976e-01, 2.5010e-01, 2.5043e-01],
        ...,
        [1.5736e-10, 3.7661e-09, 4.5037e-05, 9.9995e-01],
        [2.4983e-01, 2.5005e-01, 2.5016e-01, 2.4996e-01],
        [2.4963e-01, 2.4996e-01, 2.5015e-01, 2.5027e-01]],
       grad_fn=<SoftmaxBackward0>)
Epoch: 0024 loss: 1.0043 acc_train: 0.7318
Parameter containing:
tensor([[-0.0095, -0.0102, -0.0013,  ...,  0.0201,  0.0019, -0.0028],
        [-0.0073,  0.0230,  0.0280,  ..., -0.0272, -0.0029,  0.0135],
        [-0.0862, -0.0270,  0.0069,  ..., -0.0222,  0.0408, -0.0085],
        ...,
        [ 0.0965,  0.0371, -0.1152,  ..., -0.0298,  0.0178, -0.0502],
        [ 0.0138, -0.0043,  0.1020,  ..., -0.1137, -0.0176, -0.0279],
        [-0.0282, -0.0023, -0.0135,  ...,  0.0048, -0.0112, -0.0102]],
       requires_grad=True)
torch.Size([28, 2929, 2929]) torch.Size([28, 2929, 50])
Exponential sum:  tensor(10316.8877, grad_fn=<SumBackward0>)
torch.Size([28, 2929, 2929]) torch.Size([28, 2929, 50])
Exponential sum:  tensor(8602.5469, grad_fn=<SumBackward0>)
tensor([[2.4994e-01, 2.5023e-01, 2.4986e-01, 2.4997e-01],
        [2.4998e-01, 2.4961e-01, 2.5019e-01, 2.5022e-01],
        [2.4977e-01, 2.4979e-01, 2.5014e-01, 2.5030e-01],
        ...,
        [7.9475e-11, 2.1108e-09, 2.9895e-05, 9.9997e-01],
        [2.4980e-01, 2.5002e-01, 2.5018e-01, 2.5001e-01],
        [2.4964e-01, 2.4996e-01, 2.5013e-01, 2.5028e-01]],
       grad_fn=<SoftmaxBackward0>)
Epoch: 0025 loss: 0.9981 acc_train: 0.7408
Parameter containing:
tensor([[-0.0103, -0.0105, -0.0021,  ...,  0.0175,  0.0012, -0.0019],
        [-0.0023,  0.0207,  0.0272,  ..., -0.0281, -0.0022,  0.0082],
        [-0.0789, -0.0279,  0.0087,  ..., -0.0244,  0.0345, -0.0034],
        ...,
        [ 0.0932,  0.0418, -0.1137,  ..., -0.0255,  0.0183, -0.0494],
        [ 0.0172, -0.0066,  0.0946,  ..., -0.1061, -0.0121, -0.0270],
        [-0.0284,  0.0008, -0.0169,  ...,  0.0039, -0.0080, -0.0104]],
       requires_grad=True)
torch.Size([28, 2929, 2929]) torch.Size([28, 2929, 50])
Exponential sum:  tensor(10327.6348)
torch.Size([28, 2929, 2929]) torch.Size([28, 2929, 50])
Exponential sum:  tensor(8490.6064)
tensor([[2.4999e-01, 2.5017e-01, 2.4996e-01, 2.4988e-01],
        [2.4993e-01, 2.4964e-01, 2.5024e-01, 2.5019e-01],
        [2.4981e-01, 2.4981e-01, 2.5015e-01, 2.5024e-01],
        ...,
        [5.0081e-11, 1.4237e-09, 2.2923e-05, 9.9998e-01],
        [2.4976e-01, 2.4998e-01, 2.5019e-01, 2.5007e-01],
        [2.4966e-01, 2.4995e-01, 2.5010e-01, 2.5030e-01]])
Start RGAT_emb
M_l2:  tensor([[[0., 0., 0.,  ..., 0., 0., 0.],
         [0., 0., 0.,  ..., 0., 0., 0.],
         [0., 0., 0.,  ..., 0., 0., 0.],
         ...,
         [0., 0., 0.,  ..., 0., 0., 0.],
         [0., 0., 0.,  ..., 0., 0., 0.],
         [0., 0., 0.,  ..., 0., 0., 0.]],

        [[0., 0., 0.,  ..., 0., 0., 0.],
         [0., 0., 0.,  ..., 0., 0., 0.],
         [0., 0., 0.,  ..., 0., 0., 0.],
         ...,
         [0., 0., 0.,  ..., 0., 0., 0.],
         [0., 0., 0.,  ..., 0., 0., 0.],
         [0., 0., 0.,  ..., 0., 0., 0.]],

        [[0., 0., 0.,  ..., 0., 0., 0.],
         [0., 0., 0.,  ..., 0., 0., 0.],
         [0., 0., 0.,  ..., 0., 0., 0.],
         ...,
         [0., 0., 0.,  ..., 0., 0., 0.],
         [0., 0., 0.,  ..., 0., 0., 0.],
         [0., 0., 0.,  ..., 0., 0., 0.]],

        ...,

        [[0., 0., 0.,  ..., 0., 0., 0.],
         [0., 0., 0.,  ..., 0., 0., 0.],
         [0., 0., 0.,  ..., 0., 0., 0.],
         ...,
         [0., 0., 0.,  ..., 0., 0., 0.],
         [0., 0., 0.,  ..., 0., 0., 0.],
         [0., 0., 0.,  ..., 0., 0., 0.]],

        [[0., 0., 0.,  ..., 0., 0., 0.],
         [0., 0., 0.,  ..., 0., 0., 0.],
         [0., 0., 0.,  ..., 0., 0., 0.],
         ...,
         [0., 0., 0.,  ..., 0., 0., 0.],
         [0., 0., 0.,  ..., 0., 0., 0.],
         [0., 0., 0.,  ..., 0., 0., 0.]],

        [[0., 0., 0.,  ..., 0., 0., 0.],
         [0., 0., 0.,  ..., 0., 0., 0.],
         [0., 0., 0.,  ..., 0., 0., 0.],
         ...,
         [0., 0., 0.,  ..., 0., 0., 0.],
         [0., 0., 0.,  ..., 0., 0., 0.],
         [0., 0., 0.,  ..., 0., 0., 0.]]])
Parameter containing:
tensor([[-0.0103, -0.0105, -0.0021,  ...,  0.0175,  0.0012, -0.0019],
        [-0.0023,  0.0207,  0.0272,  ..., -0.0281, -0.0022,  0.0082],
        [-0.0789, -0.0279,  0.0087,  ..., -0.0244,  0.0345, -0.0034],
        ...,
        [ 0.0932,  0.0418, -0.1137,  ..., -0.0255,  0.0183, -0.0494],
        [ 0.0172, -0.0066,  0.0946,  ..., -0.1061, -0.0121, -0.0270],
        [-0.0284,  0.0008, -0.0169,  ...,  0.0039, -0.0080, -0.0104]],
       requires_grad=True)
torch.Size([28, 2929, 2929]) torch.Size([28, 2929, 50])
Exponential sum:  tensor(10327.6348)
torch.Size([28, 2929, 2929]) torch.Size([28, 2929, 50])
Exponential sum:  tensor(8490.6064)
tensor([[2.4999e-01, 2.5017e-01, 2.4996e-01, 2.4988e-01],
        [2.4993e-01, 2.4964e-01, 2.5024e-01, 2.5019e-01],
        [2.4981e-01, 2.4981e-01, 2.5015e-01, 2.5024e-01],
        ...,
        [5.0081e-11, 1.4237e-09, 2.2923e-05, 9.9998e-01],
        [2.4976e-01, 2.4998e-01, 2.5019e-01, 2.5007e-01],
        [2.4966e-01, 2.4995e-01, 2.5010e-01, 2.5030e-01]])
Parameter containing:
tensor([[-0.0103, -0.0105, -0.0021,  ...,  0.0175,  0.0012, -0.0019],
        [-0.0023,  0.0207,  0.0272,  ..., -0.0281, -0.0022,  0.0082],
        [-0.0789, -0.0279,  0.0087,  ..., -0.0244,  0.0345, -0.0034],
        ...,
        [ 0.0932,  0.0418, -0.1137,  ..., -0.0255,  0.0183, -0.0494],
        [ 0.0172, -0.0066,  0.0946,  ..., -0.1061, -0.0121, -0.0270],
        [-0.0284,  0.0008, -0.0169,  ...,  0.0039, -0.0080, -0.0104]],
       requires_grad=True)
torch.Size([28, 2929, 2929]) torch.Size([28, 2929, 50])
Exponential sum:  tensor(10327.6348)
torch.Size([28, 2929, 2929]) torch.Size([28, 2929, 50])
Exponential sum:  tensor(8490.6064)
tensor([[2.4999e-01, 2.5017e-01, 2.4996e-01, 2.4988e-01],
        [2.4993e-01, 2.4964e-01, 2.5024e-01, 2.5019e-01],
        [2.4981e-01, 2.4981e-01, 2.5015e-01, 2.5024e-01],
        ...,
        [5.0081e-11, 1.4237e-09, 2.2923e-05, 9.9998e-01],
        [2.4976e-01, 2.4998e-01, 2.5019e-01, 2.5007e-01],
        [2.4966e-01, 2.4995e-01, 2.5010e-01, 2.5030e-01]])
tensor(indices=tensor([[517],
                       [  0]]),
       values=tensor([1.]),
       size=(2929, 4), nnz=1, layout=torch.sparse_coo)
torch.Size([28, 2929, 2929]) torch.Size([28, 2929, 50])
torch.Size([28, 2929, 2929]) torch.Size([28, 2929, 50])
Parameter containing:
tensor([[-0.0103, -0.0105, -0.0021,  ...,  0.0175,  0.0012, -0.0019],
        [-0.0023,  0.0207,  0.0272,  ..., -0.0281, -0.0022,  0.0082],
        [-0.0789, -0.0279,  0.0087,  ..., -0.0244,  0.0345, -0.0034],
        ...,
        [ 0.0932,  0.0418, -0.1137,  ..., -0.0255,  0.0183, -0.0494],
        [ 0.0172, -0.0066,  0.0946,  ..., -0.1061, -0.0121, -0.0270],
        [-0.0284,  0.0008, -0.0169,  ...,  0.0039, -0.0080, -0.0104]],
       requires_grad=True)
torch.Size([28, 2929, 2929]) torch.Size([28, 2929, 50])
Exponential sum:  tensor(10327.6348)
torch.Size([28, 2929, 2929]) torch.Size([28, 2929, 50])
Exponential sum:  tensor(8490.6064)
tensor([[2.4999e-01, 2.5017e-01, 2.4996e-01, 2.4988e-01],
        [2.4993e-01, 2.4964e-01, 2.5024e-01, 2.5019e-01],
        [2.4981e-01, 2.4981e-01, 2.5015e-01, 2.5024e-01],
        ...,
        [5.0081e-11, 1.4237e-09, 2.2923e-05, 9.9998e-01],
        [2.4976e-01, 2.4998e-01, 2.5019e-01, 2.5007e-01],
        [2.4966e-01, 2.4995e-01, 2.5010e-01, 2.5030e-01]])
tensor(indices=tensor([[1370],
                       [   3]]),
       values=tensor([1.]),
       size=(2929, 4), nnz=1, layout=torch.sparse_coo)
torch.Size([28, 2929, 2929]) torch.Size([28, 2929, 50])
torch.Size([28, 2929, 2929]) torch.Size([28, 2929, 50])
Parameter containing:
tensor([[-0.0103, -0.0105, -0.0021,  ...,  0.0175,  0.0012, -0.0019],
        [-0.0023,  0.0207,  0.0272,  ..., -0.0281, -0.0022,  0.0082],
        [-0.0789, -0.0279,  0.0087,  ..., -0.0244,  0.0345, -0.0034],
        ...,
        [ 0.0932,  0.0418, -0.1137,  ..., -0.0255,  0.0183, -0.0494],
        [ 0.0172, -0.0066,  0.0946,  ..., -0.1061, -0.0121, -0.0270],
        [-0.0284,  0.0008, -0.0169,  ...,  0.0039, -0.0080, -0.0104]],
       requires_grad=True)
torch.Size([28, 2929, 2929]) torch.Size([28, 2929, 50])
Exponential sum:  tensor(10327.6348)
torch.Size([28, 2929, 2929]) torch.Size([28, 2929, 50])
Exponential sum:  tensor(8490.6064)
tensor([[2.4999e-01, 2.5017e-01, 2.4996e-01, 2.4988e-01],
        [2.4993e-01, 2.4964e-01, 2.5024e-01, 2.5019e-01],
        [2.4981e-01, 2.4981e-01, 2.5015e-01, 2.5024e-01],
        ...,
        [5.0081e-11, 1.4237e-09, 2.2923e-05, 9.9998e-01],
        [2.4976e-01, 2.4998e-01, 2.5019e-01, 2.5007e-01],
        [2.4966e-01, 2.4995e-01, 2.5010e-01, 2.5030e-01]])
tensor(indices=tensor([[2062],
                       [   2]]),
       values=tensor([1.]),
       size=(2929, 4), nnz=1, layout=torch.sparse_coo)
torch.Size([28, 2929, 2929]) torch.Size([28, 2929, 50])
torch.Size([28, 2929, 2929]) torch.Size([28, 2929, 50])
Parameter containing:
tensor([[-0.0103, -0.0105, -0.0021,  ...,  0.0175,  0.0012, -0.0019],
        [-0.0023,  0.0207,  0.0272,  ..., -0.0281, -0.0022,  0.0082],
        [-0.0789, -0.0279,  0.0087,  ..., -0.0244,  0.0345, -0.0034],
        ...,
        [ 0.0932,  0.0418, -0.1137,  ..., -0.0255,  0.0183, -0.0494],
        [ 0.0172, -0.0066,  0.0946,  ..., -0.1061, -0.0121, -0.0270],
        [-0.0284,  0.0008, -0.0169,  ...,  0.0039, -0.0080, -0.0104]],
       requires_grad=True)
torch.Size([28, 2929, 2929]) torch.Size([28, 2929, 50])
Exponential sum:  tensor(10327.6348)
torch.Size([28, 2929, 2929]) torch.Size([28, 2929, 50])
Exponential sum:  tensor(8490.6064)
tensor([[2.4999e-01, 2.5017e-01, 2.4996e-01, 2.4988e-01],
        [2.4993e-01, 2.4964e-01, 2.5024e-01, 2.5019e-01],
        [2.4981e-01, 2.4981e-01, 2.5015e-01, 2.5024e-01],
        ...,
        [5.0081e-11, 1.4237e-09, 2.2923e-05, 9.9998e-01],
        [2.4976e-01, 2.4998e-01, 2.5019e-01, 2.5007e-01],
        [2.4966e-01, 2.4995e-01, 2.5010e-01, 2.5030e-01]])
tensor(indices=tensor([[417],
                       [  2]]),
       values=tensor([1.]),
       size=(2929, 4), nnz=1, layout=torch.sparse_coo)
torch.Size([28, 2929, 2929]) torch.Size([28, 2929, 50])
torch.Size([28, 2929, 2929]) torch.Size([28, 2929, 50])
Parameter containing:
tensor([[-0.0103, -0.0105, -0.0021,  ...,  0.0175,  0.0012, -0.0019],
        [-0.0023,  0.0207,  0.0272,  ..., -0.0281, -0.0022,  0.0082],
        [-0.0789, -0.0279,  0.0087,  ..., -0.0244,  0.0345, -0.0034],
        ...,
        [ 0.0932,  0.0418, -0.1137,  ..., -0.0255,  0.0183, -0.0494],
        [ 0.0172, -0.0066,  0.0946,  ..., -0.1061, -0.0121, -0.0270],
        [-0.0284,  0.0008, -0.0169,  ...,  0.0039, -0.0080, -0.0104]],
       requires_grad=True)
torch.Size([28, 2929, 2929]) torch.Size([28, 2929, 50])
Exponential sum:  tensor(10327.6348)
torch.Size([28, 2929, 2929]) torch.Size([28, 2929, 50])
Exponential sum:  tensor(8490.6064)
tensor([[2.4999e-01, 2.5017e-01, 2.4996e-01, 2.4988e-01],
        [2.4993e-01, 2.4964e-01, 2.5024e-01, 2.5019e-01],
        [2.4981e-01, 2.4981e-01, 2.5015e-01, 2.5024e-01],
        ...,
        [5.0081e-11, 1.4237e-09, 2.2923e-05, 9.9998e-01],
        [2.4976e-01, 2.4998e-01, 2.5019e-01, 2.5007e-01],
        [2.4966e-01, 2.4995e-01, 2.5010e-01, 2.5030e-01]])
tensor(indices=tensor([[1559],
                       [   1]]),
       values=tensor([1.]),
       size=(2929, 4), nnz=1, layout=torch.sparse_coo)
torch.Size([28, 2929, 2929]) torch.Size([28, 2929, 50])
torch.Size([28, 2929, 2929]) torch.Size([28, 2929, 50])
Parameter containing:
tensor([[-0.0103, -0.0105, -0.0021,  ...,  0.0175,  0.0012, -0.0019],
        [-0.0023,  0.0207,  0.0272,  ..., -0.0281, -0.0022,  0.0082],
        [-0.0789, -0.0279,  0.0087,  ..., -0.0244,  0.0345, -0.0034],
        ...,
        [ 0.0932,  0.0418, -0.1137,  ..., -0.0255,  0.0183, -0.0494],
        [ 0.0172, -0.0066,  0.0946,  ..., -0.1061, -0.0121, -0.0270],
        [-0.0284,  0.0008, -0.0169,  ...,  0.0039, -0.0080, -0.0104]],
       requires_grad=True)
torch.Size([28, 2929, 2929]) torch.Size([28, 2929, 50])
Exponential sum:  tensor(10327.6348)
torch.Size([28, 2929, 2929]) torch.Size([28, 2929, 50])
Exponential sum:  tensor(8490.6064)
tensor([[2.4999e-01, 2.5017e-01, 2.4996e-01, 2.4988e-01],
        [2.4993e-01, 2.4964e-01, 2.5024e-01, 2.5019e-01],
        [2.4981e-01, 2.4981e-01, 2.5015e-01, 2.5024e-01],
        ...,
        [5.0081e-11, 1.4237e-09, 2.2923e-05, 9.9998e-01],
        [2.4976e-01, 2.4998e-01, 2.5019e-01, 2.5007e-01],
        [2.4966e-01, 2.4995e-01, 2.5010e-01, 2.5030e-01]])
tensor(indices=tensor([[1043],
                       [   1]]),
       values=tensor([1.]),
       size=(2929, 4), nnz=1, layout=torch.sparse_coo)
torch.Size([28, 2929, 2929]) torch.Size([28, 2929, 50])
torch.Size([28, 2929, 2929]) torch.Size([28, 2929, 50])
Parameter containing:
tensor([[-0.0103, -0.0105, -0.0021,  ...,  0.0175,  0.0012, -0.0019],
        [-0.0023,  0.0207,  0.0272,  ..., -0.0281, -0.0022,  0.0082],
        [-0.0789, -0.0279,  0.0087,  ..., -0.0244,  0.0345, -0.0034],
        ...,
        [ 0.0932,  0.0418, -0.1137,  ..., -0.0255,  0.0183, -0.0494],
        [ 0.0172, -0.0066,  0.0946,  ..., -0.1061, -0.0121, -0.0270],
        [-0.0284,  0.0008, -0.0169,  ...,  0.0039, -0.0080, -0.0104]],
       requires_grad=True)
torch.Size([28, 2929, 2929]) torch.Size([28, 2929, 50])
Exponential sum:  tensor(10327.6348)
torch.Size([28, 2929, 2929]) torch.Size([28, 2929, 50])
Exponential sum:  tensor(8490.6064)
tensor([[2.4999e-01, 2.5017e-01, 2.4996e-01, 2.4988e-01],
        [2.4993e-01, 2.4964e-01, 2.5024e-01, 2.5019e-01],
        [2.4981e-01, 2.4981e-01, 2.5015e-01, 2.5024e-01],
        ...,
        [5.0081e-11, 1.4237e-09, 2.2923e-05, 9.9998e-01],
        [2.4976e-01, 2.4998e-01, 2.5019e-01, 2.5007e-01],
        [2.4966e-01, 2.4995e-01, 2.5010e-01, 2.5030e-01]])
tensor(indices=tensor([[813],
                       [  2]]),
       values=tensor([1.]),
       size=(2929, 4), nnz=1, layout=torch.sparse_coo)
torch.Size([28, 2929, 2929]) torch.Size([28, 2929, 50])
torch.Size([28, 2929, 2929]) torch.Size([28, 2929, 50])
1
Parameter containing:
tensor([[-0.0103, -0.0105, -0.0021,  ...,  0.0175,  0.0012, -0.0019],
        [-0.0023,  0.0207,  0.0272,  ..., -0.0281, -0.0022,  0.0082],
        [-0.0789, -0.0279,  0.0087,  ..., -0.0244,  0.0345, -0.0034],
        ...,
        [ 0.0932,  0.0418, -0.1137,  ..., -0.0255,  0.0183, -0.0494],
        [ 0.0172, -0.0066,  0.0946,  ..., -0.1061, -0.0121, -0.0270],
        [-0.0284,  0.0008, -0.0169,  ...,  0.0039, -0.0080, -0.0104]],
       requires_grad=True)
torch.Size([28, 2929, 2929]) torch.Size([28, 2929, 50])
Exponential sum:  tensor(10327.6348)
torch.Size([28, 2929, 2929]) torch.Size([28, 2929, 50])
Exponential sum:  tensor(8490.6064)
tensor([[2.4999e-01, 2.5017e-01, 2.4996e-01, 2.4988e-01],
        [2.4993e-01, 2.4964e-01, 2.5024e-01, 2.5019e-01],
        [2.4981e-01, 2.4981e-01, 2.5015e-01, 2.5024e-01],
        ...,
        [5.0081e-11, 1.4237e-09, 2.2923e-05, 9.9998e-01],
        [2.4976e-01, 2.4998e-01, 2.5019e-01, 2.5007e-01],
        [2.4966e-01, 2.4995e-01, 2.5010e-01, 2.5030e-01]])
tensor(indices=tensor([[2834],
                       [   1]]),
       values=tensor([1.]),
       size=(2929, 4), nnz=1, layout=torch.sparse_coo)
torch.Size([28, 2929, 2929]) torch.Size([28, 2929, 50])
torch.Size([28, 2929, 2929]) torch.Size([28, 2929, 50])
1
Parameter containing:
tensor([[-0.0103, -0.0105, -0.0021,  ...,  0.0175,  0.0012, -0.0019],
        [-0.0023,  0.0207,  0.0272,  ..., -0.0281, -0.0022,  0.0082],
        [-0.0789, -0.0279,  0.0087,  ..., -0.0244,  0.0345, -0.0034],
        ...,
        [ 0.0932,  0.0418, -0.1137,  ..., -0.0255,  0.0183, -0.0494],
        [ 0.0172, -0.0066,  0.0946,  ..., -0.1061, -0.0121, -0.0270],
        [-0.0284,  0.0008, -0.0169,  ...,  0.0039, -0.0080, -0.0104]],
       requires_grad=True)
torch.Size([28, 2929, 2929]) torch.Size([28, 2929, 50])
Exponential sum:  tensor(10327.6348)
torch.Size([28, 2929, 2929]) torch.Size([28, 2929, 50])
Exponential sum:  tensor(8490.6064)
tensor([[2.4999e-01, 2.5017e-01, 2.4996e-01, 2.4988e-01],
        [2.4993e-01, 2.4964e-01, 2.5024e-01, 2.5019e-01],
        [2.4981e-01, 2.4981e-01, 2.5015e-01, 2.5024e-01],
        ...,
        [5.0081e-11, 1.4237e-09, 2.2923e-05, 9.9998e-01],
        [2.4976e-01, 2.4998e-01, 2.5019e-01, 2.5007e-01],
        [2.4966e-01, 2.4995e-01, 2.5010e-01, 2.5030e-01]])
tensor(indices=tensor([[472],
                       [  3]]),
       values=tensor([1.]),
       size=(2929, 4), nnz=1, layout=torch.sparse_coo)
torch.Size([28, 2929, 2929]) torch.Size([28, 2929, 50])
torch.Size([28, 2929, 2929]) torch.Size([28, 2929, 50])
Parameter containing:
tensor([[-0.0103, -0.0105, -0.0021,  ...,  0.0175,  0.0012, -0.0019],
        [-0.0023,  0.0207,  0.0272,  ..., -0.0281, -0.0022,  0.0082],
        [-0.0789, -0.0279,  0.0087,  ..., -0.0244,  0.0345, -0.0034],
        ...,
        [ 0.0932,  0.0418, -0.1137,  ..., -0.0255,  0.0183, -0.0494],
        [ 0.0172, -0.0066,  0.0946,  ..., -0.1061, -0.0121, -0.0270],
        [-0.0284,  0.0008, -0.0169,  ...,  0.0039, -0.0080, -0.0104]],
       requires_grad=True)
torch.Size([28, 2929, 2929]) torch.Size([28, 2929, 50])
Exponential sum:  tensor(10327.6348)
torch.Size([28, 2929, 2929]) torch.Size([28, 2929, 50])
Exponential sum:  tensor(8490.6064)
tensor([[2.4999e-01, 2.5017e-01, 2.4996e-01, 2.4988e-01],
        [2.4993e-01, 2.4964e-01, 2.5024e-01, 2.5019e-01],
        [2.4981e-01, 2.4981e-01, 2.5015e-01, 2.5024e-01],
        ...,
        [5.0081e-11, 1.4237e-09, 2.2923e-05, 9.9998e-01],
        [2.4976e-01, 2.4998e-01, 2.5019e-01, 2.5007e-01],
        [2.4966e-01, 2.4995e-01, 2.5010e-01, 2.5030e-01]])
tensor(indices=tensor([[14],
                       [ 1]]),
       values=tensor([1.]),
       size=(2929, 4), nnz=1, layout=torch.sparse_coo)
torch.Size([28, 2929, 2929]) torch.Size([28, 2929, 50])
torch.Size([28, 2929, 2929]) torch.Size([28, 2929, 50])
Parameter containing:
tensor([[-0.0103, -0.0105, -0.0021,  ...,  0.0175,  0.0012, -0.0019],
        [-0.0023,  0.0207,  0.0272,  ..., -0.0281, -0.0022,  0.0082],
        [-0.0789, -0.0279,  0.0087,  ..., -0.0244,  0.0345, -0.0034],
        ...,
        [ 0.0932,  0.0418, -0.1137,  ..., -0.0255,  0.0183, -0.0494],
        [ 0.0172, -0.0066,  0.0946,  ..., -0.1061, -0.0121, -0.0270],
        [-0.0284,  0.0008, -0.0169,  ...,  0.0039, -0.0080, -0.0104]],
       requires_grad=True)
torch.Size([28, 2929, 2929]) torch.Size([28, 2929, 50])
Exponential sum:  tensor(10327.6348)
torch.Size([28, 2929, 2929]) torch.Size([28, 2929, 50])
Exponential sum:  tensor(8490.6064)
tensor([[2.4999e-01, 2.5017e-01, 2.4996e-01, 2.4988e-01],
        [2.4993e-01, 2.4964e-01, 2.5024e-01, 2.5019e-01],
        [2.4981e-01, 2.4981e-01, 2.5015e-01, 2.5024e-01],
        ...,
        [5.0081e-11, 1.4237e-09, 2.2923e-05, 9.9998e-01],
        [2.4976e-01, 2.4998e-01, 2.5019e-01, 2.5007e-01],
        [2.4966e-01, 2.4995e-01, 2.5010e-01, 2.5030e-01]])
tensor(indices=tensor([[379],
                       [  2]]),
       values=tensor([1.]),
       size=(2929, 4), nnz=1, layout=torch.sparse_coo)
torch.Size([28, 2929, 2929]) torch.Size([28, 2929, 50])
torch.Size([28, 2929, 2929]) torch.Size([28, 2929, 50])
Parameter containing:
tensor([[-0.0103, -0.0105, -0.0021,  ...,  0.0175,  0.0012, -0.0019],
        [-0.0023,  0.0207,  0.0272,  ..., -0.0281, -0.0022,  0.0082],
        [-0.0789, -0.0279,  0.0087,  ..., -0.0244,  0.0345, -0.0034],
        ...,
        [ 0.0932,  0.0418, -0.1137,  ..., -0.0255,  0.0183, -0.0494],
        [ 0.0172, -0.0066,  0.0946,  ..., -0.1061, -0.0121, -0.0270],
        [-0.0284,  0.0008, -0.0169,  ...,  0.0039, -0.0080, -0.0104]],
       requires_grad=True)
torch.Size([28, 2929, 2929]) torch.Size([28, 2929, 50])
Exponential sum:  tensor(10327.6348)
torch.Size([28, 2929, 2929]) torch.Size([28, 2929, 50])
Exponential sum:  tensor(8490.6064)
tensor([[2.4999e-01, 2.5017e-01, 2.4996e-01, 2.4988e-01],
        [2.4993e-01, 2.4964e-01, 2.5024e-01, 2.5019e-01],
        [2.4981e-01, 2.4981e-01, 2.5015e-01, 2.5024e-01],
        ...,
        [5.0081e-11, 1.4237e-09, 2.2923e-05, 9.9998e-01],
        [2.4976e-01, 2.4998e-01, 2.5019e-01, 2.5007e-01],
        [2.4966e-01, 2.4995e-01, 2.5010e-01, 2.5030e-01]])
tensor(indices=tensor([[2691],
                       [   0]]),
       values=tensor([1.]),
       size=(2929, 4), nnz=1, layout=torch.sparse_coo)
torch.Size([28, 2929, 2929]) torch.Size([28, 2929, 50])
torch.Size([28, 2929, 2929]) torch.Size([28, 2929, 50])
Parameter containing:
tensor([[-0.0103, -0.0105, -0.0021,  ...,  0.0175,  0.0012, -0.0019],
        [-0.0023,  0.0207,  0.0272,  ..., -0.0281, -0.0022,  0.0082],
        [-0.0789, -0.0279,  0.0087,  ..., -0.0244,  0.0345, -0.0034],
        ...,
        [ 0.0932,  0.0418, -0.1137,  ..., -0.0255,  0.0183, -0.0494],
        [ 0.0172, -0.0066,  0.0946,  ..., -0.1061, -0.0121, -0.0270],
        [-0.0284,  0.0008, -0.0169,  ...,  0.0039, -0.0080, -0.0104]],
       requires_grad=True)
torch.Size([28, 2929, 2929]) torch.Size([28, 2929, 50])
Exponential sum:  tensor(10327.6348)
torch.Size([28, 2929, 2929]) torch.Size([28, 2929, 50])
Exponential sum:  tensor(8490.6064)
tensor([[2.4999e-01, 2.5017e-01, 2.4996e-01, 2.4988e-01],
        [2.4993e-01, 2.4964e-01, 2.5024e-01, 2.5019e-01],
        [2.4981e-01, 2.4981e-01, 2.5015e-01, 2.5024e-01],
        ...,
        [5.0081e-11, 1.4237e-09, 2.2923e-05, 9.9998e-01],
        [2.4976e-01, 2.4998e-01, 2.5019e-01, 2.5007e-01],
        [2.4966e-01, 2.4995e-01, 2.5010e-01, 2.5030e-01]])
tensor(indices=tensor([[364],
                       [  1]]),
       values=tensor([1.]),
       size=(2929, 4), nnz=1, layout=torch.sparse_coo)
torch.Size([28, 2929, 2929]) torch.Size([28, 2929, 50])
torch.Size([28, 2929, 2929]) torch.Size([28, 2929, 50])
Parameter containing:
tensor([[-0.0103, -0.0105, -0.0021,  ...,  0.0175,  0.0012, -0.0019],
        [-0.0023,  0.0207,  0.0272,  ..., -0.0281, -0.0022,  0.0082],
        [-0.0789, -0.0279,  0.0087,  ..., -0.0244,  0.0345, -0.0034],
        ...,
        [ 0.0932,  0.0418, -0.1137,  ..., -0.0255,  0.0183, -0.0494],
        [ 0.0172, -0.0066,  0.0946,  ..., -0.1061, -0.0121, -0.0270],
        [-0.0284,  0.0008, -0.0169,  ...,  0.0039, -0.0080, -0.0104]],
       requires_grad=True)
torch.Size([28, 2929, 2929]) torch.Size([28, 2929, 50])
Exponential sum:  tensor(10327.6348)
torch.Size([28, 2929, 2929]) torch.Size([28, 2929, 50])
Exponential sum:  tensor(8490.6064)
tensor([[2.4999e-01, 2.5017e-01, 2.4996e-01, 2.4988e-01],
        [2.4993e-01, 2.4964e-01, 2.5024e-01, 2.5019e-01],
        [2.4981e-01, 2.4981e-01, 2.5015e-01, 2.5024e-01],
        ...,
        [5.0081e-11, 1.4237e-09, 2.2923e-05, 9.9998e-01],
        [2.4976e-01, 2.4998e-01, 2.5019e-01, 2.5007e-01],
        [2.4966e-01, 2.4995e-01, 2.5010e-01, 2.5030e-01]])
tensor(indices=tensor([[2906],
                       [   0]]),
       values=tensor([1.]),
       size=(2929, 4), nnz=1, layout=torch.sparse_coo)
torch.Size([28, 2929, 2929]) torch.Size([28, 2929, 50])
torch.Size([28, 2929, 2929]) torch.Size([28, 2929, 50])
Parameter containing:
tensor([[-0.0103, -0.0105, -0.0021,  ...,  0.0175,  0.0012, -0.0019],
        [-0.0023,  0.0207,  0.0272,  ..., -0.0281, -0.0022,  0.0082],
        [-0.0789, -0.0279,  0.0087,  ..., -0.0244,  0.0345, -0.0034],
        ...,
        [ 0.0932,  0.0418, -0.1137,  ..., -0.0255,  0.0183, -0.0494],
        [ 0.0172, -0.0066,  0.0946,  ..., -0.1061, -0.0121, -0.0270],
        [-0.0284,  0.0008, -0.0169,  ...,  0.0039, -0.0080, -0.0104]],
       requires_grad=True)
torch.Size([28, 2929, 2929]) torch.Size([28, 2929, 50])
Exponential sum:  tensor(10327.6348)
torch.Size([28, 2929, 2929]) torch.Size([28, 2929, 50])
Exponential sum:  tensor(8490.6064)
tensor([[2.4999e-01, 2.5017e-01, 2.4996e-01, 2.4988e-01],
        [2.4993e-01, 2.4964e-01, 2.5024e-01, 2.5019e-01],
        [2.4981e-01, 2.4981e-01, 2.5015e-01, 2.5024e-01],
        ...,
        [5.0081e-11, 1.4237e-09, 2.2923e-05, 9.9998e-01],
        [2.4976e-01, 2.4998e-01, 2.5019e-01, 2.5007e-01],
        [2.4966e-01, 2.4995e-01, 2.5010e-01, 2.5030e-01]])
tensor(indices=tensor([[2514],
                       [   0]]),
       values=tensor([1.]),
       size=(2929, 4), nnz=1, layout=torch.sparse_coo)
torch.Size([28, 2929, 2929]) torch.Size([28, 2929, 50])
torch.Size([28, 2929, 2929]) torch.Size([28, 2929, 50])
Parameter containing:
tensor([[-0.0103, -0.0105, -0.0021,  ...,  0.0175,  0.0012, -0.0019],
        [-0.0023,  0.0207,  0.0272,  ..., -0.0281, -0.0022,  0.0082],
        [-0.0789, -0.0279,  0.0087,  ..., -0.0244,  0.0345, -0.0034],
        ...,
        [ 0.0932,  0.0418, -0.1137,  ..., -0.0255,  0.0183, -0.0494],
        [ 0.0172, -0.0066,  0.0946,  ..., -0.1061, -0.0121, -0.0270],
        [-0.0284,  0.0008, -0.0169,  ...,  0.0039, -0.0080, -0.0104]],
       requires_grad=True)
torch.Size([28, 2929, 2929]) torch.Size([28, 2929, 50])
Exponential sum:  tensor(10327.6348)
torch.Size([28, 2929, 2929]) torch.Size([28, 2929, 50])
Exponential sum:  tensor(8490.6064)
tensor([[2.4999e-01, 2.5017e-01, 2.4996e-01, 2.4988e-01],
        [2.4993e-01, 2.4964e-01, 2.5024e-01, 2.5019e-01],
        [2.4981e-01, 2.4981e-01, 2.5015e-01, 2.5024e-01],
        ...,
        [5.0081e-11, 1.4237e-09, 2.2923e-05, 9.9998e-01],
        [2.4976e-01, 2.4998e-01, 2.5019e-01, 2.5007e-01],
        [2.4966e-01, 2.4995e-01, 2.5010e-01, 2.5030e-01]])
tensor(indices=tensor([[2772],
                       [   3]]),
       values=tensor([1.]),
       size=(2929, 4), nnz=1, layout=torch.sparse_coo)
torch.Size([28, 2929, 2929]) torch.Size([28, 2929, 50])
torch.Size([28, 2929, 2929]) torch.Size([28, 2929, 50])
2
Parameter containing:
tensor([[-0.0103, -0.0105, -0.0021,  ...,  0.0175,  0.0012, -0.0019],
        [-0.0023,  0.0207,  0.0272,  ..., -0.0281, -0.0022,  0.0082],
        [-0.0789, -0.0279,  0.0087,  ..., -0.0244,  0.0345, -0.0034],
        ...,
        [ 0.0932,  0.0418, -0.1137,  ..., -0.0255,  0.0183, -0.0494],
        [ 0.0172, -0.0066,  0.0946,  ..., -0.1061, -0.0121, -0.0270],
        [-0.0284,  0.0008, -0.0169,  ...,  0.0039, -0.0080, -0.0104]],
       requires_grad=True)
torch.Size([28, 2929, 2929]) torch.Size([28, 2929, 50])
Exponential sum:  tensor(10327.6348)
torch.Size([28, 2929, 2929]) torch.Size([28, 2929, 50])
Exponential sum:  tensor(8490.6064)
tensor([[2.4999e-01, 2.5017e-01, 2.4996e-01, 2.4988e-01],
        [2.4993e-01, 2.4964e-01, 2.5024e-01, 2.5019e-01],
        [2.4981e-01, 2.4981e-01, 2.5015e-01, 2.5024e-01],
        ...,
        [5.0081e-11, 1.4237e-09, 2.2923e-05, 9.9998e-01],
        [2.4976e-01, 2.4998e-01, 2.5019e-01, 2.5007e-01],
        [2.4966e-01, 2.4995e-01, 2.5010e-01, 2.5030e-01]])
tensor(indices=tensor([[1005],
                       [   0]]),
       values=tensor([1.]),
       size=(2929, 4), nnz=1, layout=torch.sparse_coo)
torch.Size([28, 2929, 2929]) torch.Size([28, 2929, 50])
torch.Size([28, 2929, 2929]) torch.Size([28, 2929, 50])
Parameter containing:
tensor([[-0.0103, -0.0105, -0.0021,  ...,  0.0175,  0.0012, -0.0019],
        [-0.0023,  0.0207,  0.0272,  ..., -0.0281, -0.0022,  0.0082],
        [-0.0789, -0.0279,  0.0087,  ..., -0.0244,  0.0345, -0.0034],
        ...,
        [ 0.0932,  0.0418, -0.1137,  ..., -0.0255,  0.0183, -0.0494],
        [ 0.0172, -0.0066,  0.0946,  ..., -0.1061, -0.0121, -0.0270],
        [-0.0284,  0.0008, -0.0169,  ...,  0.0039, -0.0080, -0.0104]],
       requires_grad=True)
torch.Size([28, 2929, 2929]) torch.Size([28, 2929, 50])
Exponential sum:  tensor(10327.6348)
torch.Size([28, 2929, 2929]) torch.Size([28, 2929, 50])
Exponential sum:  tensor(8490.6064)
tensor([[2.4999e-01, 2.5017e-01, 2.4996e-01, 2.4988e-01],
        [2.4993e-01, 2.4964e-01, 2.5024e-01, 2.5019e-01],
        [2.4981e-01, 2.4981e-01, 2.5015e-01, 2.5024e-01],
        ...,
        [5.0081e-11, 1.4237e-09, 2.2923e-05, 9.9998e-01],
        [2.4976e-01, 2.4998e-01, 2.5019e-01, 2.5007e-01],
        [2.4966e-01, 2.4995e-01, 2.5010e-01, 2.5030e-01]])
tensor(indices=tensor([[1669],
                       [   0]]),
       values=tensor([1.]),
       size=(2929, 4), nnz=1, layout=torch.sparse_coo)
torch.Size([28, 2929, 2929]) torch.Size([28, 2929, 50])
torch.Size([28, 2929, 2929]) torch.Size([28, 2929, 50])
Parameter containing:
tensor([[-0.0103, -0.0105, -0.0021,  ...,  0.0175,  0.0012, -0.0019],
        [-0.0023,  0.0207,  0.0272,  ..., -0.0281, -0.0022,  0.0082],
        [-0.0789, -0.0279,  0.0087,  ..., -0.0244,  0.0345, -0.0034],
        ...,
        [ 0.0932,  0.0418, -0.1137,  ..., -0.0255,  0.0183, -0.0494],
        [ 0.0172, -0.0066,  0.0946,  ..., -0.1061, -0.0121, -0.0270],
        [-0.0284,  0.0008, -0.0169,  ...,  0.0039, -0.0080, -0.0104]],
       requires_grad=True)
torch.Size([28, 2929, 2929]) torch.Size([28, 2929, 50])
Exponential sum:  tensor(10327.6348)
torch.Size([28, 2929, 2929]) torch.Size([28, 2929, 50])
Exponential sum:  tensor(8490.6064)
tensor([[2.4999e-01, 2.5017e-01, 2.4996e-01, 2.4988e-01],
        [2.4993e-01, 2.4964e-01, 2.5024e-01, 2.5019e-01],
        [2.4981e-01, 2.4981e-01, 2.5015e-01, 2.5024e-01],
        ...,
        [5.0081e-11, 1.4237e-09, 2.2923e-05, 9.9998e-01],
        [2.4976e-01, 2.4998e-01, 2.5019e-01, 2.5007e-01],
        [2.4966e-01, 2.4995e-01, 2.5010e-01, 2.5030e-01]])
tensor(indices=tensor([[849],
                       [  2]]),
       values=tensor([1.]),
       size=(2929, 4), nnz=1, layout=torch.sparse_coo)
torch.Size([28, 2929, 2929]) torch.Size([28, 2929, 50])
torch.Size([28, 2929, 2929]) torch.Size([28, 2929, 50])
Parameter containing:
tensor([[-0.0103, -0.0105, -0.0021,  ...,  0.0175,  0.0012, -0.0019],
        [-0.0023,  0.0207,  0.0272,  ..., -0.0281, -0.0022,  0.0082],
        [-0.0789, -0.0279,  0.0087,  ..., -0.0244,  0.0345, -0.0034],
        ...,
        [ 0.0932,  0.0418, -0.1137,  ..., -0.0255,  0.0183, -0.0494],
        [ 0.0172, -0.0066,  0.0946,  ..., -0.1061, -0.0121, -0.0270],
        [-0.0284,  0.0008, -0.0169,  ...,  0.0039, -0.0080, -0.0104]],
       requires_grad=True)
torch.Size([28, 2929, 2929]) torch.Size([28, 2929, 50])
Exponential sum:  tensor(10327.6348)
torch.Size([28, 2929, 2929]) torch.Size([28, 2929, 50])
Exponential sum:  tensor(8490.6064)
tensor([[2.4999e-01, 2.5017e-01, 2.4996e-01, 2.4988e-01],
        [2.4993e-01, 2.4964e-01, 2.5024e-01, 2.5019e-01],
        [2.4981e-01, 2.4981e-01, 2.5015e-01, 2.5024e-01],
        ...,
        [5.0081e-11, 1.4237e-09, 2.2923e-05, 9.9998e-01],
        [2.4976e-01, 2.4998e-01, 2.5019e-01, 2.5007e-01],
        [2.4966e-01, 2.4995e-01, 2.5010e-01, 2.5030e-01]])
tensor(indices=tensor([[2804],
                       [   2]]),
       values=tensor([1.]),
       size=(2929, 4), nnz=1, layout=torch.sparse_coo)
torch.Size([28, 2929, 2929]) torch.Size([28, 2929, 50])
torch.Size([28, 2929, 2929]) torch.Size([28, 2929, 50])
Parameter containing:
tensor([[-0.0103, -0.0105, -0.0021,  ...,  0.0175,  0.0012, -0.0019],
        [-0.0023,  0.0207,  0.0272,  ..., -0.0281, -0.0022,  0.0082],
        [-0.0789, -0.0279,  0.0087,  ..., -0.0244,  0.0345, -0.0034],
        ...,
        [ 0.0932,  0.0418, -0.1137,  ..., -0.0255,  0.0183, -0.0494],
        [ 0.0172, -0.0066,  0.0946,  ..., -0.1061, -0.0121, -0.0270],
        [-0.0284,  0.0008, -0.0169,  ...,  0.0039, -0.0080, -0.0104]],
       requires_grad=True)
torch.Size([28, 2929, 2929]) torch.Size([28, 2929, 50])
Exponential sum:  tensor(10327.6348)
torch.Size([28, 2929, 2929]) torch.Size([28, 2929, 50])
Exponential sum:  tensor(8490.6064)
tensor([[2.4999e-01, 2.5017e-01, 2.4996e-01, 2.4988e-01],
        [2.4993e-01, 2.4964e-01, 2.5024e-01, 2.5019e-01],
        [2.4981e-01, 2.4981e-01, 2.5015e-01, 2.5024e-01],
        ...,
        [5.0081e-11, 1.4237e-09, 2.2923e-05, 9.9998e-01],
        [2.4976e-01, 2.4998e-01, 2.5019e-01, 2.5007e-01],
        [2.4966e-01, 2.4995e-01, 2.5010e-01, 2.5030e-01]])
tensor(indices=tensor([[1547],
                       [   0]]),
       values=tensor([1.]),
       size=(2929, 4), nnz=1, layout=torch.sparse_coo)
torch.Size([28, 2929, 2929]) torch.Size([28, 2929, 50])
torch.Size([28, 2929, 2929]) torch.Size([28, 2929, 50])
Parameter containing:
tensor([[-0.0103, -0.0105, -0.0021,  ...,  0.0175,  0.0012, -0.0019],
        [-0.0023,  0.0207,  0.0272,  ..., -0.0281, -0.0022,  0.0082],
        [-0.0789, -0.0279,  0.0087,  ..., -0.0244,  0.0345, -0.0034],
        ...,
        [ 0.0932,  0.0418, -0.1137,  ..., -0.0255,  0.0183, -0.0494],
        [ 0.0172, -0.0066,  0.0946,  ..., -0.1061, -0.0121, -0.0270],
        [-0.0284,  0.0008, -0.0169,  ...,  0.0039, -0.0080, -0.0104]],
       requires_grad=True)
torch.Size([28, 2929, 2929]) torch.Size([28, 2929, 50])
Exponential sum:  tensor(10327.6348)
torch.Size([28, 2929, 2929]) torch.Size([28, 2929, 50])
Exponential sum:  tensor(8490.6064)
tensor([[2.4999e-01, 2.5017e-01, 2.4996e-01, 2.4988e-01],
        [2.4993e-01, 2.4964e-01, 2.5024e-01, 2.5019e-01],
        [2.4981e-01, 2.4981e-01, 2.5015e-01, 2.5024e-01],
        ...,
        [5.0081e-11, 1.4237e-09, 2.2923e-05, 9.9998e-01],
        [2.4976e-01, 2.4998e-01, 2.5019e-01, 2.5007e-01],
        [2.4966e-01, 2.4995e-01, 2.5010e-01, 2.5030e-01]])
tensor(indices=tensor([[765],
                       [  3]]),
       values=tensor([1.]),
       size=(2929, 4), nnz=1, layout=torch.sparse_coo)
torch.Size([28, 2929, 2929]) torch.Size([28, 2929, 50])
torch.Size([28, 2929, 2929]) torch.Size([28, 2929, 50])
Parameter containing:
tensor([[-0.0103, -0.0105, -0.0021,  ...,  0.0175,  0.0012, -0.0019],
        [-0.0023,  0.0207,  0.0272,  ..., -0.0281, -0.0022,  0.0082],
        [-0.0789, -0.0279,  0.0087,  ..., -0.0244,  0.0345, -0.0034],
        ...,
        [ 0.0932,  0.0418, -0.1137,  ..., -0.0255,  0.0183, -0.0494],
        [ 0.0172, -0.0066,  0.0946,  ..., -0.1061, -0.0121, -0.0270],
        [-0.0284,  0.0008, -0.0169,  ...,  0.0039, -0.0080, -0.0104]],
       requires_grad=True)
torch.Size([28, 2929, 2929]) torch.Size([28, 2929, 50])
Exponential sum:  tensor(10327.6348)
torch.Size([28, 2929, 2929]) torch.Size([28, 2929, 50])
Exponential sum:  tensor(8490.6064)
tensor([[2.4999e-01, 2.5017e-01, 2.4996e-01, 2.4988e-01],
        [2.4993e-01, 2.4964e-01, 2.5024e-01, 2.5019e-01],
        [2.4981e-01, 2.4981e-01, 2.5015e-01, 2.5024e-01],
        ...,
        [5.0081e-11, 1.4237e-09, 2.2923e-05, 9.9998e-01],
        [2.4976e-01, 2.4998e-01, 2.5019e-01, 2.5007e-01],
        [2.4966e-01, 2.4995e-01, 2.5010e-01, 2.5030e-01]])
tensor(indices=tensor([[2568],
                       [   3]]),
       values=tensor([1.]),
       size=(2929, 4), nnz=1, layout=torch.sparse_coo)
torch.Size([28, 2929, 2929]) torch.Size([28, 2929, 50])
torch.Size([28, 2929, 2929]) torch.Size([28, 2929, 50])
Parameter containing:
tensor([[-0.0103, -0.0105, -0.0021,  ...,  0.0175,  0.0012, -0.0019],
        [-0.0023,  0.0207,  0.0272,  ..., -0.0281, -0.0022,  0.0082],
        [-0.0789, -0.0279,  0.0087,  ..., -0.0244,  0.0345, -0.0034],
        ...,
        [ 0.0932,  0.0418, -0.1137,  ..., -0.0255,  0.0183, -0.0494],
        [ 0.0172, -0.0066,  0.0946,  ..., -0.1061, -0.0121, -0.0270],
        [-0.0284,  0.0008, -0.0169,  ...,  0.0039, -0.0080, -0.0104]],
       requires_grad=True)
torch.Size([28, 2929, 2929]) torch.Size([28, 2929, 50])
Exponential sum:  tensor(10327.6348)
torch.Size([28, 2929, 2929]) torch.Size([28, 2929, 50])
Exponential sum:  tensor(8490.6064)
tensor([[2.4999e-01, 2.5017e-01, 2.4996e-01, 2.4988e-01],
        [2.4993e-01, 2.4964e-01, 2.5024e-01, 2.5019e-01],
        [2.4981e-01, 2.4981e-01, 2.5015e-01, 2.5024e-01],
        ...,
        [5.0081e-11, 1.4237e-09, 2.2923e-05, 9.9998e-01],
        [2.4976e-01, 2.4998e-01, 2.5019e-01, 2.5007e-01],
        [2.4966e-01, 2.4995e-01, 2.5010e-01, 2.5030e-01]])
tensor(indices=tensor([[715],
                       [  0]]),
       values=tensor([1.]),
       size=(2929, 4), nnz=1, layout=torch.sparse_coo)
torch.Size([28, 2929, 2929]) torch.Size([28, 2929, 50])
torch.Size([28, 2929, 2929]) torch.Size([28, 2929, 50])
Parameter containing:
tensor([[-0.0103, -0.0105, -0.0021,  ...,  0.0175,  0.0012, -0.0019],
        [-0.0023,  0.0207,  0.0272,  ..., -0.0281, -0.0022,  0.0082],
        [-0.0789, -0.0279,  0.0087,  ..., -0.0244,  0.0345, -0.0034],
        ...,
        [ 0.0932,  0.0418, -0.1137,  ..., -0.0255,  0.0183, -0.0494],
        [ 0.0172, -0.0066,  0.0946,  ..., -0.1061, -0.0121, -0.0270],
        [-0.0284,  0.0008, -0.0169,  ...,  0.0039, -0.0080, -0.0104]],
       requires_grad=True)
torch.Size([28, 2929, 2929]) torch.Size([28, 2929, 50])
Exponential sum:  tensor(10327.6348)
torch.Size([28, 2929, 2929]) torch.Size([28, 2929, 50])
Exponential sum:  tensor(8490.6064)
tensor([[2.4999e-01, 2.5017e-01, 2.4996e-01, 2.4988e-01],
        [2.4993e-01, 2.4964e-01, 2.5024e-01, 2.5019e-01],
        [2.4981e-01, 2.4981e-01, 2.5015e-01, 2.5024e-01],
        ...,
        [5.0081e-11, 1.4237e-09, 2.2923e-05, 9.9998e-01],
        [2.4976e-01, 2.4998e-01, 2.5019e-01, 2.5007e-01],
        [2.4966e-01, 2.4995e-01, 2.5010e-01, 2.5030e-01]])
tensor(indices=tensor([[134],
                       [  3]]),
       values=tensor([1.]),
       size=(2929, 4), nnz=1, layout=torch.sparse_coo)
torch.Size([28, 2929, 2929]) torch.Size([28, 2929, 50])
torch.Size([28, 2929, 2929]) torch.Size([28, 2929, 50])
2
3
Parameter containing:
tensor([[-0.0103, -0.0105, -0.0021,  ...,  0.0175,  0.0012, -0.0019],
        [-0.0023,  0.0207,  0.0272,  ..., -0.0281, -0.0022,  0.0082],
        [-0.0789, -0.0279,  0.0087,  ..., -0.0244,  0.0345, -0.0034],
        ...,
        [ 0.0932,  0.0418, -0.1137,  ..., -0.0255,  0.0183, -0.0494],
        [ 0.0172, -0.0066,  0.0946,  ..., -0.1061, -0.0121, -0.0270],
        [-0.0284,  0.0008, -0.0169,  ...,  0.0039, -0.0080, -0.0104]],
       requires_grad=True)
torch.Size([28, 2929, 2929]) torch.Size([28, 2929, 50])
Exponential sum:  tensor(10327.6348)
torch.Size([28, 2929, 2929]) torch.Size([28, 2929, 50])
Exponential sum:  tensor(8490.6064)
tensor([[2.4999e-01, 2.5017e-01, 2.4996e-01, 2.4988e-01],
        [2.4993e-01, 2.4964e-01, 2.5024e-01, 2.5019e-01],
        [2.4981e-01, 2.4981e-01, 2.5015e-01, 2.5024e-01],
        ...,
        [5.0081e-11, 1.4237e-09, 2.2923e-05, 9.9998e-01],
        [2.4976e-01, 2.4998e-01, 2.5019e-01, 2.5007e-01],
        [2.4966e-01, 2.4995e-01, 2.5010e-01, 2.5030e-01]])
tensor(indices=tensor([[1481],
                       [   0]]),
       values=tensor([1.]),
       size=(2929, 4), nnz=1, layout=torch.sparse_coo)
torch.Size([28, 2929, 2929]) torch.Size([28, 2929, 50])
torch.Size([28, 2929, 2929]) torch.Size([28, 2929, 50])
Parameter containing:
tensor([[-0.0103, -0.0105, -0.0021,  ...,  0.0175,  0.0012, -0.0019],
        [-0.0023,  0.0207,  0.0272,  ..., -0.0281, -0.0022,  0.0082],
        [-0.0789, -0.0279,  0.0087,  ..., -0.0244,  0.0345, -0.0034],
        ...,
        [ 0.0932,  0.0418, -0.1137,  ..., -0.0255,  0.0183, -0.0494],
        [ 0.0172, -0.0066,  0.0946,  ..., -0.1061, -0.0121, -0.0270],
        [-0.0284,  0.0008, -0.0169,  ...,  0.0039, -0.0080, -0.0104]],
       requires_grad=True)
torch.Size([28, 2929, 2929]) torch.Size([28, 2929, 50])
Exponential sum:  tensor(10327.6348)
torch.Size([28, 2929, 2929]) torch.Size([28, 2929, 50])
Exponential sum:  tensor(8490.6064)
tensor([[2.4999e-01, 2.5017e-01, 2.4996e-01, 2.4988e-01],
        [2.4993e-01, 2.4964e-01, 2.5024e-01, 2.5019e-01],
        [2.4981e-01, 2.4981e-01, 2.5015e-01, 2.5024e-01],
        ...,
        [5.0081e-11, 1.4237e-09, 2.2923e-05, 9.9998e-01],
        [2.4976e-01, 2.4998e-01, 2.5019e-01, 2.5007e-01],
        [2.4966e-01, 2.4995e-01, 2.5010e-01, 2.5030e-01]])
tensor(indices=tensor([[2710],
                       [   0]]),
       values=tensor([1.]),
       size=(2929, 4), nnz=1, layout=torch.sparse_coo)
torch.Size([28, 2929, 2929]) torch.Size([28, 2929, 50])
torch.Size([28, 2929, 2929]) torch.Size([28, 2929, 50])
Parameter containing:
tensor([[-0.0103, -0.0105, -0.0021,  ...,  0.0175,  0.0012, -0.0019],
        [-0.0023,  0.0207,  0.0272,  ..., -0.0281, -0.0022,  0.0082],
        [-0.0789, -0.0279,  0.0087,  ..., -0.0244,  0.0345, -0.0034],
        ...,
        [ 0.0932,  0.0418, -0.1137,  ..., -0.0255,  0.0183, -0.0494],
        [ 0.0172, -0.0066,  0.0946,  ..., -0.1061, -0.0121, -0.0270],
        [-0.0284,  0.0008, -0.0169,  ...,  0.0039, -0.0080, -0.0104]],
       requires_grad=True)
torch.Size([28, 2929, 2929]) torch.Size([28, 2929, 50])
Exponential sum:  tensor(10327.6348)
torch.Size([28, 2929, 2929]) torch.Size([28, 2929, 50])
Exponential sum:  tensor(8490.6064)
tensor([[2.4999e-01, 2.5017e-01, 2.4996e-01, 2.4988e-01],
        [2.4993e-01, 2.4964e-01, 2.5024e-01, 2.5019e-01],
        [2.4981e-01, 2.4981e-01, 2.5015e-01, 2.5024e-01],
        ...,
        [5.0081e-11, 1.4237e-09, 2.2923e-05, 9.9998e-01],
        [2.4976e-01, 2.4998e-01, 2.5019e-01, 2.5007e-01],
        [2.4966e-01, 2.4995e-01, 2.5010e-01, 2.5030e-01]])
tensor(indices=tensor([[982],
                       [  2]]),
       values=tensor([1.]),
       size=(2929, 4), nnz=1, layout=torch.sparse_coo)
torch.Size([28, 2929, 2929]) torch.Size([28, 2929, 50])
torch.Size([28, 2929, 2929]) torch.Size([28, 2929, 50])
Parameter containing:
tensor([[-0.0103, -0.0105, -0.0021,  ...,  0.0175,  0.0012, -0.0019],
        [-0.0023,  0.0207,  0.0272,  ..., -0.0281, -0.0022,  0.0082],
        [-0.0789, -0.0279,  0.0087,  ..., -0.0244,  0.0345, -0.0034],
        ...,
        [ 0.0932,  0.0418, -0.1137,  ..., -0.0255,  0.0183, -0.0494],
        [ 0.0172, -0.0066,  0.0946,  ..., -0.1061, -0.0121, -0.0270],
        [-0.0284,  0.0008, -0.0169,  ...,  0.0039, -0.0080, -0.0104]],
       requires_grad=True)
torch.Size([28, 2929, 2929]) torch.Size([28, 2929, 50])
Exponential sum:  tensor(10327.6348)
torch.Size([28, 2929, 2929]) torch.Size([28, 2929, 50])
Exponential sum:  tensor(8490.6064)
tensor([[2.4999e-01, 2.5017e-01, 2.4996e-01, 2.4988e-01],
        [2.4993e-01, 2.4964e-01, 2.5024e-01, 2.5019e-01],
        [2.4981e-01, 2.4981e-01, 2.5015e-01, 2.5024e-01],
        ...,
        [5.0081e-11, 1.4237e-09, 2.2923e-05, 9.9998e-01],
        [2.4976e-01, 2.4998e-01, 2.5019e-01, 2.5007e-01],
        [2.4966e-01, 2.4995e-01, 2.5010e-01, 2.5030e-01]])
tensor(indices=tensor([[1611],
                       [   2]]),
       values=tensor([1.]),
       size=(2929, 4), nnz=1, layout=torch.sparse_coo)
torch.Size([28, 2929, 2929]) torch.Size([28, 2929, 50])
torch.Size([28, 2929, 2929]) torch.Size([28, 2929, 50])
3
4
Parameter containing:
tensor([[-0.0103, -0.0105, -0.0021,  ...,  0.0175,  0.0012, -0.0019],
        [-0.0023,  0.0207,  0.0272,  ..., -0.0281, -0.0022,  0.0082],
        [-0.0789, -0.0279,  0.0087,  ..., -0.0244,  0.0345, -0.0034],
        ...,
        [ 0.0932,  0.0418, -0.1137,  ..., -0.0255,  0.0183, -0.0494],
        [ 0.0172, -0.0066,  0.0946,  ..., -0.1061, -0.0121, -0.0270],
        [-0.0284,  0.0008, -0.0169,  ...,  0.0039, -0.0080, -0.0104]],
       requires_grad=True)
torch.Size([28, 2929, 2929]) torch.Size([28, 2929, 50])
Exponential sum:  tensor(10327.6348)
torch.Size([28, 2929, 2929]) torch.Size([28, 2929, 50])
Exponential sum:  tensor(8490.6064)
tensor([[2.4999e-01, 2.5017e-01, 2.4996e-01, 2.4988e-01],
        [2.4993e-01, 2.4964e-01, 2.5024e-01, 2.5019e-01],
        [2.4981e-01, 2.4981e-01, 2.5015e-01, 2.5024e-01],
        ...,
        [5.0081e-11, 1.4237e-09, 2.2923e-05, 9.9998e-01],
        [2.4976e-01, 2.4998e-01, 2.5019e-01, 2.5007e-01],
        [2.4966e-01, 2.4995e-01, 2.5010e-01, 2.5030e-01]])
tensor(indices=tensor([[985],
                       [  3]]),
       values=tensor([1.]),
       size=(2929, 4), nnz=1, layout=torch.sparse_coo)
torch.Size([28, 2929, 2929]) torch.Size([28, 2929, 50])
torch.Size([28, 2929, 2929]) torch.Size([28, 2929, 50])
Parameter containing:
tensor([[-0.0103, -0.0105, -0.0021,  ...,  0.0175,  0.0012, -0.0019],
        [-0.0023,  0.0207,  0.0272,  ..., -0.0281, -0.0022,  0.0082],
        [-0.0789, -0.0279,  0.0087,  ..., -0.0244,  0.0345, -0.0034],
        ...,
        [ 0.0932,  0.0418, -0.1137,  ..., -0.0255,  0.0183, -0.0494],
        [ 0.0172, -0.0066,  0.0946,  ..., -0.1061, -0.0121, -0.0270],
        [-0.0284,  0.0008, -0.0169,  ...,  0.0039, -0.0080, -0.0104]],
       requires_grad=True)
torch.Size([28, 2929, 2929]) torch.Size([28, 2929, 50])
Exponential sum:  tensor(10327.6348)
torch.Size([28, 2929, 2929]) torch.Size([28, 2929, 50])
Exponential sum:  tensor(8490.6064)
tensor([[2.4999e-01, 2.5017e-01, 2.4996e-01, 2.4988e-01],
        [2.4993e-01, 2.4964e-01, 2.5024e-01, 2.5019e-01],
        [2.4981e-01, 2.4981e-01, 2.5015e-01, 2.5024e-01],
        ...,
        [5.0081e-11, 1.4237e-09, 2.2923e-05, 9.9998e-01],
        [2.4976e-01, 2.4998e-01, 2.5019e-01, 2.5007e-01],
        [2.4966e-01, 2.4995e-01, 2.5010e-01, 2.5030e-01]])
tensor(indices=tensor([[2162],
                       [   3]]),
       values=tensor([1.]),
       size=(2929, 4), nnz=1, layout=torch.sparse_coo)
torch.Size([28, 2929, 2929]) torch.Size([28, 2929, 50])
torch.Size([28, 2929, 2929]) torch.Size([28, 2929, 50])
Parameter containing:
tensor([[-0.0103, -0.0105, -0.0021,  ...,  0.0175,  0.0012, -0.0019],
        [-0.0023,  0.0207,  0.0272,  ..., -0.0281, -0.0022,  0.0082],
        [-0.0789, -0.0279,  0.0087,  ..., -0.0244,  0.0345, -0.0034],
        ...,
        [ 0.0932,  0.0418, -0.1137,  ..., -0.0255,  0.0183, -0.0494],
        [ 0.0172, -0.0066,  0.0946,  ..., -0.1061, -0.0121, -0.0270],
        [-0.0284,  0.0008, -0.0169,  ...,  0.0039, -0.0080, -0.0104]],
       requires_grad=True)
torch.Size([28, 2929, 2929]) torch.Size([28, 2929, 50])
Exponential sum:  tensor(10327.6348)
torch.Size([28, 2929, 2929]) torch.Size([28, 2929, 50])
Exponential sum:  tensor(8490.6064)
tensor([[2.4999e-01, 2.5017e-01, 2.4996e-01, 2.4988e-01],
        [2.4993e-01, 2.4964e-01, 2.5024e-01, 2.5019e-01],
        [2.4981e-01, 2.4981e-01, 2.5015e-01, 2.5024e-01],
        ...,
        [5.0081e-11, 1.4237e-09, 2.2923e-05, 9.9998e-01],
        [2.4976e-01, 2.4998e-01, 2.5019e-01, 2.5007e-01],
        [2.4966e-01, 2.4995e-01, 2.5010e-01, 2.5030e-01]])
tensor(indices=tensor([[1546],
                       [   1]]),
       values=tensor([1.]),
       size=(2929, 4), nnz=1, layout=torch.sparse_coo)
torch.Size([28, 2929, 2929]) torch.Size([28, 2929, 50])
torch.Size([28, 2929, 2929]) torch.Size([28, 2929, 50])
Parameter containing:
tensor([[-0.0103, -0.0105, -0.0021,  ...,  0.0175,  0.0012, -0.0019],
        [-0.0023,  0.0207,  0.0272,  ..., -0.0281, -0.0022,  0.0082],
        [-0.0789, -0.0279,  0.0087,  ..., -0.0244,  0.0345, -0.0034],
        ...,
        [ 0.0932,  0.0418, -0.1137,  ..., -0.0255,  0.0183, -0.0494],
        [ 0.0172, -0.0066,  0.0946,  ..., -0.1061, -0.0121, -0.0270],
        [-0.0284,  0.0008, -0.0169,  ...,  0.0039, -0.0080, -0.0104]],
       requires_grad=True)
torch.Size([28, 2929, 2929]) torch.Size([28, 2929, 50])
Exponential sum:  tensor(10327.6348)
torch.Size([28, 2929, 2929]) torch.Size([28, 2929, 50])
Exponential sum:  tensor(8490.6064)
tensor([[2.4999e-01, 2.5017e-01, 2.4996e-01, 2.4988e-01],
        [2.4993e-01, 2.4964e-01, 2.5024e-01, 2.5019e-01],
        [2.4981e-01, 2.4981e-01, 2.5015e-01, 2.5024e-01],
        ...,
        [5.0081e-11, 1.4237e-09, 2.2923e-05, 9.9998e-01],
        [2.4976e-01, 2.4998e-01, 2.5019e-01, 2.5007e-01],
        [2.4966e-01, 2.4995e-01, 2.5010e-01, 2.5030e-01]])
tensor(indices=tensor([[46],
                       [ 2]]),
       values=tensor([1.]),
       size=(2929, 4), nnz=1, layout=torch.sparse_coo)
torch.Size([28, 2929, 2929]) torch.Size([28, 2929, 50])
torch.Size([28, 2929, 2929]) torch.Size([28, 2929, 50])
Parameter containing:
tensor([[-0.0103, -0.0105, -0.0021,  ...,  0.0175,  0.0012, -0.0019],
        [-0.0023,  0.0207,  0.0272,  ..., -0.0281, -0.0022,  0.0082],
        [-0.0789, -0.0279,  0.0087,  ..., -0.0244,  0.0345, -0.0034],
        ...,
        [ 0.0932,  0.0418, -0.1137,  ..., -0.0255,  0.0183, -0.0494],
        [ 0.0172, -0.0066,  0.0946,  ..., -0.1061, -0.0121, -0.0270],
        [-0.0284,  0.0008, -0.0169,  ...,  0.0039, -0.0080, -0.0104]],
       requires_grad=True)
torch.Size([28, 2929, 2929]) torch.Size([28, 2929, 50])
Exponential sum:  tensor(10327.6348)
torch.Size([28, 2929, 2929]) torch.Size([28, 2929, 50])
Exponential sum:  tensor(8490.6064)
tensor([[2.4999e-01, 2.5017e-01, 2.4996e-01, 2.4988e-01],
        [2.4993e-01, 2.4964e-01, 2.5024e-01, 2.5019e-01],
        [2.4981e-01, 2.4981e-01, 2.5015e-01, 2.5024e-01],
        ...,
        [5.0081e-11, 1.4237e-09, 2.2923e-05, 9.9998e-01],
        [2.4976e-01, 2.4998e-01, 2.5019e-01, 2.5007e-01],
        [2.4966e-01, 2.4995e-01, 2.5010e-01, 2.5030e-01]])
tensor(indices=tensor([[397],
                       [  0]]),
       values=tensor([1.]),
       size=(2929, 4), nnz=1, layout=torch.sparse_coo)
torch.Size([28, 2929, 2929]) torch.Size([28, 2929, 50])
torch.Size([28, 2929, 2929]) torch.Size([28, 2929, 50])
Parameter containing:
tensor([[-0.0103, -0.0105, -0.0021,  ...,  0.0175,  0.0012, -0.0019],
        [-0.0023,  0.0207,  0.0272,  ..., -0.0281, -0.0022,  0.0082],
        [-0.0789, -0.0279,  0.0087,  ..., -0.0244,  0.0345, -0.0034],
        ...,
        [ 0.0932,  0.0418, -0.1137,  ..., -0.0255,  0.0183, -0.0494],
        [ 0.0172, -0.0066,  0.0946,  ..., -0.1061, -0.0121, -0.0270],
        [-0.0284,  0.0008, -0.0169,  ...,  0.0039, -0.0080, -0.0104]],
       requires_grad=True)
torch.Size([28, 2929, 2929]) torch.Size([28, 2929, 50])
Exponential sum:  tensor(10327.6348)
torch.Size([28, 2929, 2929]) torch.Size([28, 2929, 50])
Exponential sum:  tensor(8490.6064)
tensor([[2.4999e-01, 2.5017e-01, 2.4996e-01, 2.4988e-01],
        [2.4993e-01, 2.4964e-01, 2.5024e-01, 2.5019e-01],
        [2.4981e-01, 2.4981e-01, 2.5015e-01, 2.5024e-01],
        ...,
        [5.0081e-11, 1.4237e-09, 2.2923e-05, 9.9998e-01],
        [2.4976e-01, 2.4998e-01, 2.5019e-01, 2.5007e-01],
        [2.4966e-01, 2.4995e-01, 2.5010e-01, 2.5030e-01]])
tensor(indices=tensor([[2685],
                       [   0]]),
       values=tensor([1.]),
       size=(2929, 4), nnz=1, layout=torch.sparse_coo)
torch.Size([28, 2929, 2929]) torch.Size([28, 2929, 50])
torch.Size([28, 2929, 2929]) torch.Size([28, 2929, 50])
Parameter containing:
tensor([[-0.0103, -0.0105, -0.0021,  ...,  0.0175,  0.0012, -0.0019],
        [-0.0023,  0.0207,  0.0272,  ..., -0.0281, -0.0022,  0.0082],
        [-0.0789, -0.0279,  0.0087,  ..., -0.0244,  0.0345, -0.0034],
        ...,
        [ 0.0932,  0.0418, -0.1137,  ..., -0.0255,  0.0183, -0.0494],
        [ 0.0172, -0.0066,  0.0946,  ..., -0.1061, -0.0121, -0.0270],
        [-0.0284,  0.0008, -0.0169,  ...,  0.0039, -0.0080, -0.0104]],
       requires_grad=True)
torch.Size([28, 2929, 2929]) torch.Size([28, 2929, 50])
Exponential sum:  tensor(10327.6348)
torch.Size([28, 2929, 2929]) torch.Size([28, 2929, 50])
Exponential sum:  tensor(8490.6064)
tensor([[2.4999e-01, 2.5017e-01, 2.4996e-01, 2.4988e-01],
        [2.4993e-01, 2.4964e-01, 2.5024e-01, 2.5019e-01],
        [2.4981e-01, 2.4981e-01, 2.5015e-01, 2.5024e-01],
        ...,
        [5.0081e-11, 1.4237e-09, 2.2923e-05, 9.9998e-01],
        [2.4976e-01, 2.4998e-01, 2.5019e-01, 2.5007e-01],
        [2.4966e-01, 2.4995e-01, 2.5010e-01, 2.5030e-01]])
tensor(indices=tensor([[2890],
                       [   0]]),
       values=tensor([1.]),
       size=(2929, 4), nnz=1, layout=torch.sparse_coo)
torch.Size([28, 2929, 2929]) torch.Size([28, 2929, 50])
torch.Size([28, 2929, 2929]) torch.Size([28, 2929, 50])
Parameter containing:
tensor([[-0.0103, -0.0105, -0.0021,  ...,  0.0175,  0.0012, -0.0019],
        [-0.0023,  0.0207,  0.0272,  ..., -0.0281, -0.0022,  0.0082],
        [-0.0789, -0.0279,  0.0087,  ..., -0.0244,  0.0345, -0.0034],
        ...,
        [ 0.0932,  0.0418, -0.1137,  ..., -0.0255,  0.0183, -0.0494],
        [ 0.0172, -0.0066,  0.0946,  ..., -0.1061, -0.0121, -0.0270],
        [-0.0284,  0.0008, -0.0169,  ...,  0.0039, -0.0080, -0.0104]],
       requires_grad=True)
torch.Size([28, 2929, 2929]) torch.Size([28, 2929, 50])
Exponential sum:  tensor(10327.6348)
torch.Size([28, 2929, 2929]) torch.Size([28, 2929, 50])
Exponential sum:  tensor(8490.6064)
tensor([[2.4999e-01, 2.5017e-01, 2.4996e-01, 2.4988e-01],
        [2.4993e-01, 2.4964e-01, 2.5024e-01, 2.5019e-01],
        [2.4981e-01, 2.4981e-01, 2.5015e-01, 2.5024e-01],
        ...,
        [5.0081e-11, 1.4237e-09, 2.2923e-05, 9.9998e-01],
        [2.4976e-01, 2.4998e-01, 2.5019e-01, 2.5007e-01],
        [2.4966e-01, 2.4995e-01, 2.5010e-01, 2.5030e-01]])
tensor(indices=tensor([[1019],
                       [   0]]),
       values=tensor([1.]),
       size=(2929, 4), nnz=1, layout=torch.sparse_coo)
torch.Size([28, 2929, 2929]) torch.Size([28, 2929, 50])
torch.Size([28, 2929, 2929]) torch.Size([28, 2929, 50])
Parameter containing:
tensor([[-0.0103, -0.0105, -0.0021,  ...,  0.0175,  0.0012, -0.0019],
        [-0.0023,  0.0207,  0.0272,  ..., -0.0281, -0.0022,  0.0082],
        [-0.0789, -0.0279,  0.0087,  ..., -0.0244,  0.0345, -0.0034],
        ...,
        [ 0.0932,  0.0418, -0.1137,  ..., -0.0255,  0.0183, -0.0494],
        [ 0.0172, -0.0066,  0.0946,  ..., -0.1061, -0.0121, -0.0270],
        [-0.0284,  0.0008, -0.0169,  ...,  0.0039, -0.0080, -0.0104]],
       requires_grad=True)
torch.Size([28, 2929, 2929]) torch.Size([28, 2929, 50])
Exponential sum:  tensor(10327.6348)
torch.Size([28, 2929, 2929]) torch.Size([28, 2929, 50])
Exponential sum:  tensor(8490.6064)
tensor([[2.4999e-01, 2.5017e-01, 2.4996e-01, 2.4988e-01],
        [2.4993e-01, 2.4964e-01, 2.5024e-01, 2.5019e-01],
        [2.4981e-01, 2.4981e-01, 2.5015e-01, 2.5024e-01],
        ...,
        [5.0081e-11, 1.4237e-09, 2.2923e-05, 9.9998e-01],
        [2.4976e-01, 2.4998e-01, 2.5019e-01, 2.5007e-01],
        [2.4966e-01, 2.4995e-01, 2.5010e-01, 2.5030e-01]])
tensor(indices=tensor([[1706],
                       [   2]]),
       values=tensor([1.]),
       size=(2929, 4), nnz=1, layout=torch.sparse_coo)
torch.Size([28, 2929, 2929]) torch.Size([28, 2929, 50])
torch.Size([28, 2929, 2929]) torch.Size([28, 2929, 50])
Parameter containing:
tensor([[-0.0103, -0.0105, -0.0021,  ...,  0.0175,  0.0012, -0.0019],
        [-0.0023,  0.0207,  0.0272,  ..., -0.0281, -0.0022,  0.0082],
        [-0.0789, -0.0279,  0.0087,  ..., -0.0244,  0.0345, -0.0034],
        ...,
        [ 0.0932,  0.0418, -0.1137,  ..., -0.0255,  0.0183, -0.0494],
        [ 0.0172, -0.0066,  0.0946,  ..., -0.1061, -0.0121, -0.0270],
        [-0.0284,  0.0008, -0.0169,  ...,  0.0039, -0.0080, -0.0104]],
       requires_grad=True)
torch.Size([28, 2929, 2929]) torch.Size([28, 2929, 50])
Exponential sum:  tensor(10327.6348)
torch.Size([28, 2929, 2929]) torch.Size([28, 2929, 50])
Exponential sum:  tensor(8490.6064)
tensor([[2.4999e-01, 2.5017e-01, 2.4996e-01, 2.4988e-01],
        [2.4993e-01, 2.4964e-01, 2.5024e-01, 2.5019e-01],
        [2.4981e-01, 2.4981e-01, 2.5015e-01, 2.5024e-01],
        ...,
        [5.0081e-11, 1.4237e-09, 2.2923e-05, 9.9998e-01],
        [2.4976e-01, 2.4998e-01, 2.5019e-01, 2.5007e-01],
        [2.4966e-01, 2.4995e-01, 2.5010e-01, 2.5030e-01]])
tensor(indices=tensor([[134],
                       [  3]]),
       values=tensor([1.]),
       size=(2929, 4), nnz=1, layout=torch.sparse_coo)
torch.Size([28, 2929, 2929]) torch.Size([28, 2929, 50])
torch.Size([28, 2929, 2929]) torch.Size([28, 2929, 50])
Parameter containing:
tensor([[-0.0103, -0.0105, -0.0021,  ...,  0.0175,  0.0012, -0.0019],
        [-0.0023,  0.0207,  0.0272,  ..., -0.0281, -0.0022,  0.0082],
        [-0.0789, -0.0279,  0.0087,  ..., -0.0244,  0.0345, -0.0034],
        ...,
        [ 0.0932,  0.0418, -0.1137,  ..., -0.0255,  0.0183, -0.0494],
        [ 0.0172, -0.0066,  0.0946,  ..., -0.1061, -0.0121, -0.0270],
        [-0.0284,  0.0008, -0.0169,  ...,  0.0039, -0.0080, -0.0104]],
       requires_grad=True)
torch.Size([28, 2929, 2929]) torch.Size([28, 2929, 50])
Exponential sum:  tensor(10327.6348)
torch.Size([28, 2929, 2929]) torch.Size([28, 2929, 50])
Exponential sum:  tensor(8490.6064)
tensor([[2.4999e-01, 2.5017e-01, 2.4996e-01, 2.4988e-01],
        [2.4993e-01, 2.4964e-01, 2.5024e-01, 2.5019e-01],
        [2.4981e-01, 2.4981e-01, 2.5015e-01, 2.5024e-01],
        ...,
        [5.0081e-11, 1.4237e-09, 2.2923e-05, 9.9998e-01],
        [2.4976e-01, 2.4998e-01, 2.5019e-01, 2.5007e-01],
        [2.4966e-01, 2.4995e-01, 2.5010e-01, 2.5030e-01]])
tensor(indices=tensor([[982],
                       [  2]]),
       values=tensor([1.]),
       size=(2929, 4), nnz=1, layout=torch.sparse_coo)
torch.Size([28, 2929, 2929]) torch.Size([28, 2929, 50])
torch.Size([28, 2929, 2929]) torch.Size([28, 2929, 50])
Parameter containing:
tensor([[-0.0103, -0.0105, -0.0021,  ...,  0.0175,  0.0012, -0.0019],
        [-0.0023,  0.0207,  0.0272,  ..., -0.0281, -0.0022,  0.0082],
        [-0.0789, -0.0279,  0.0087,  ..., -0.0244,  0.0345, -0.0034],
        ...,
        [ 0.0932,  0.0418, -0.1137,  ..., -0.0255,  0.0183, -0.0494],
        [ 0.0172, -0.0066,  0.0946,  ..., -0.1061, -0.0121, -0.0270],
        [-0.0284,  0.0008, -0.0169,  ...,  0.0039, -0.0080, -0.0104]],
       requires_grad=True)
torch.Size([28, 2929, 2929]) torch.Size([28, 2929, 50])
Exponential sum:  tensor(10327.6348)
torch.Size([28, 2929, 2929]) torch.Size([28, 2929, 50])
Exponential sum:  tensor(8490.6064)
tensor([[2.4999e-01, 2.5017e-01, 2.4996e-01, 2.4988e-01],
        [2.4993e-01, 2.4964e-01, 2.5024e-01, 2.5019e-01],
        [2.4981e-01, 2.4981e-01, 2.5015e-01, 2.5024e-01],
        ...,
        [5.0081e-11, 1.4237e-09, 2.2923e-05, 9.9998e-01],
        [2.4976e-01, 2.4998e-01, 2.5019e-01, 2.5007e-01],
        [2.4966e-01, 2.4995e-01, 2.5010e-01, 2.5030e-01]])
tensor(indices=tensor([[14],
                       [ 1]]),
       values=tensor([1.]),
       size=(2929, 4), nnz=1, layout=torch.sparse_coo)
torch.Size([28, 2929, 2929]) torch.Size([28, 2929, 50])
torch.Size([28, 2929, 2929]) torch.Size([28, 2929, 50])
Parameter containing:
tensor([[-0.0103, -0.0105, -0.0021,  ...,  0.0175,  0.0012, -0.0019],
        [-0.0023,  0.0207,  0.0272,  ..., -0.0281, -0.0022,  0.0082],
        [-0.0789, -0.0279,  0.0087,  ..., -0.0244,  0.0345, -0.0034],
        ...,
        [ 0.0932,  0.0418, -0.1137,  ..., -0.0255,  0.0183, -0.0494],
        [ 0.0172, -0.0066,  0.0946,  ..., -0.1061, -0.0121, -0.0270],
        [-0.0284,  0.0008, -0.0169,  ...,  0.0039, -0.0080, -0.0104]],
       requires_grad=True)
torch.Size([28, 2929, 2929]) torch.Size([28, 2929, 50])
Exponential sum:  tensor(10327.6348)
torch.Size([28, 2929, 2929]) torch.Size([28, 2929, 50])
Exponential sum:  tensor(8490.6064)
tensor([[2.4999e-01, 2.5017e-01, 2.4996e-01, 2.4988e-01],
        [2.4993e-01, 2.4964e-01, 2.5024e-01, 2.5019e-01],
        [2.4981e-01, 2.4981e-01, 2.5015e-01, 2.5024e-01],
        ...,
        [5.0081e-11, 1.4237e-09, 2.2923e-05, 9.9998e-01],
        [2.4976e-01, 2.4998e-01, 2.5019e-01, 2.5007e-01],
        [2.4966e-01, 2.4995e-01, 2.5010e-01, 2.5030e-01]])
tensor(indices=tensor([[1043],
                       [   1]]),
       values=tensor([1.]),
       size=(2929, 4), nnz=1, layout=torch.sparse_coo)
torch.Size([28, 2929, 2929]) torch.Size([28, 2929, 50])
torch.Size([28, 2929, 2929]) torch.Size([28, 2929, 50])
Parameter containing:
tensor([[-0.0103, -0.0105, -0.0021,  ...,  0.0175,  0.0012, -0.0019],
        [-0.0023,  0.0207,  0.0272,  ..., -0.0281, -0.0022,  0.0082],
        [-0.0789, -0.0279,  0.0087,  ..., -0.0244,  0.0345, -0.0034],
        ...,
        [ 0.0932,  0.0418, -0.1137,  ..., -0.0255,  0.0183, -0.0494],
        [ 0.0172, -0.0066,  0.0946,  ..., -0.1061, -0.0121, -0.0270],
        [-0.0284,  0.0008, -0.0169,  ...,  0.0039, -0.0080, -0.0104]],
       requires_grad=True)
torch.Size([28, 2929, 2929]) torch.Size([28, 2929, 50])
Exponential sum:  tensor(10327.6348)
torch.Size([28, 2929, 2929]) torch.Size([28, 2929, 50])
Exponential sum:  tensor(8490.6064)
tensor([[2.4999e-01, 2.5017e-01, 2.4996e-01, 2.4988e-01],
        [2.4993e-01, 2.4964e-01, 2.5024e-01, 2.5019e-01],
        [2.4981e-01, 2.4981e-01, 2.5015e-01, 2.5024e-01],
        ...,
        [5.0081e-11, 1.4237e-09, 2.2923e-05, 9.9998e-01],
        [2.4976e-01, 2.4998e-01, 2.5019e-01, 2.5007e-01],
        [2.4966e-01, 2.4995e-01, 2.5010e-01, 2.5030e-01]])
tensor(indices=tensor([[2804],
                       [   2]]),
       values=tensor([1.]),
       size=(2929, 4), nnz=1, layout=torch.sparse_coo)
torch.Size([28, 2929, 2929]) torch.Size([28, 2929, 50])
torch.Size([28, 2929, 2929]) torch.Size([28, 2929, 50])
Parameter containing:
tensor([[-0.0103, -0.0105, -0.0021,  ...,  0.0175,  0.0012, -0.0019],
        [-0.0023,  0.0207,  0.0272,  ..., -0.0281, -0.0022,  0.0082],
        [-0.0789, -0.0279,  0.0087,  ..., -0.0244,  0.0345, -0.0034],
        ...,
        [ 0.0932,  0.0418, -0.1137,  ..., -0.0255,  0.0183, -0.0494],
        [ 0.0172, -0.0066,  0.0946,  ..., -0.1061, -0.0121, -0.0270],
        [-0.0284,  0.0008, -0.0169,  ...,  0.0039, -0.0080, -0.0104]],
       requires_grad=True)
torch.Size([28, 2929, 2929]) torch.Size([28, 2929, 50])
Exponential sum:  tensor(10327.6348)
torch.Size([28, 2929, 2929]) torch.Size([28, 2929, 50])
Exponential sum:  tensor(8490.6064)
tensor([[2.4999e-01, 2.5017e-01, 2.4996e-01, 2.4988e-01],
        [2.4993e-01, 2.4964e-01, 2.5024e-01, 2.5019e-01],
        [2.4981e-01, 2.4981e-01, 2.5015e-01, 2.5024e-01],
        ...,
        [5.0081e-11, 1.4237e-09, 2.2923e-05, 9.9998e-01],
        [2.4976e-01, 2.4998e-01, 2.5019e-01, 2.5007e-01],
        [2.4966e-01, 2.4995e-01, 2.5010e-01, 2.5030e-01]])
tensor(indices=tensor([[1706],
                       [   2]]),
       values=tensor([1.]),
       size=(2929, 4), nnz=1, layout=torch.sparse_coo)
torch.Size([28, 2929, 2929]) torch.Size([28, 2929, 50])
torch.Size([28, 2929, 2929]) torch.Size([28, 2929, 50])
Parameter containing:
tensor([[-0.0103, -0.0105, -0.0021,  ...,  0.0175,  0.0012, -0.0019],
        [-0.0023,  0.0207,  0.0272,  ..., -0.0281, -0.0022,  0.0082],
        [-0.0789, -0.0279,  0.0087,  ..., -0.0244,  0.0345, -0.0034],
        ...,
        [ 0.0932,  0.0418, -0.1137,  ..., -0.0255,  0.0183, -0.0494],
        [ 0.0172, -0.0066,  0.0946,  ..., -0.1061, -0.0121, -0.0270],
        [-0.0284,  0.0008, -0.0169,  ...,  0.0039, -0.0080, -0.0104]],
       requires_grad=True)
torch.Size([28, 2929, 2929]) torch.Size([28, 2929, 50])
Exponential sum:  tensor(10327.6348)
torch.Size([28, 2929, 2929]) torch.Size([28, 2929, 50])
Exponential sum:  tensor(8490.6064)
tensor([[2.4999e-01, 2.5017e-01, 2.4996e-01, 2.4988e-01],
        [2.4993e-01, 2.4964e-01, 2.5024e-01, 2.5019e-01],
        [2.4981e-01, 2.4981e-01, 2.5015e-01, 2.5024e-01],
        ...,
        [5.0081e-11, 1.4237e-09, 2.2923e-05, 9.9998e-01],
        [2.4976e-01, 2.4998e-01, 2.5019e-01, 2.5007e-01],
        [2.4966e-01, 2.4995e-01, 2.5010e-01, 2.5030e-01]])
tensor(indices=tensor([[134],
                       [  3]]),
       values=tensor([1.]),
       size=(2929, 4), nnz=1, layout=torch.sparse_coo)
torch.Size([28, 2929, 2929]) torch.Size([28, 2929, 50])
torch.Size([28, 2929, 2929]) torch.Size([28, 2929, 50])
Parameter containing:
tensor([[-0.0103, -0.0105, -0.0021,  ...,  0.0175,  0.0012, -0.0019],
        [-0.0023,  0.0207,  0.0272,  ..., -0.0281, -0.0022,  0.0082],
        [-0.0789, -0.0279,  0.0087,  ..., -0.0244,  0.0345, -0.0034],
        ...,
        [ 0.0932,  0.0418, -0.1137,  ..., -0.0255,  0.0183, -0.0494],
        [ 0.0172, -0.0066,  0.0946,  ..., -0.1061, -0.0121, -0.0270],
        [-0.0284,  0.0008, -0.0169,  ...,  0.0039, -0.0080, -0.0104]],
       requires_grad=True)
torch.Size([28, 2929, 2929]) torch.Size([28, 2929, 50])
Exponential sum:  tensor(10327.6348)
torch.Size([28, 2929, 2929]) torch.Size([28, 2929, 50])
Exponential sum:  tensor(8490.6064)
tensor([[2.4999e-01, 2.5017e-01, 2.4996e-01, 2.4988e-01],
        [2.4993e-01, 2.4964e-01, 2.5024e-01, 2.5019e-01],
        [2.4981e-01, 2.4981e-01, 2.5015e-01, 2.5024e-01],
        ...,
        [5.0081e-11, 1.4237e-09, 2.2923e-05, 9.9998e-01],
        [2.4976e-01, 2.4998e-01, 2.5019e-01, 2.5007e-01],
        [2.4966e-01, 2.4995e-01, 2.5010e-01, 2.5030e-01]])
tensor(indices=tensor([[982],
                       [  2]]),
       values=tensor([1.]),
       size=(2929, 4), nnz=1, layout=torch.sparse_coo)
torch.Size([28, 2929, 2929]) torch.Size([28, 2929, 50])
torch.Size([28, 2929, 2929]) torch.Size([28, 2929, 50])
Parameter containing:
tensor([[-0.0103, -0.0105, -0.0021,  ...,  0.0175,  0.0012, -0.0019],
        [-0.0023,  0.0207,  0.0272,  ..., -0.0281, -0.0022,  0.0082],
        [-0.0789, -0.0279,  0.0087,  ..., -0.0244,  0.0345, -0.0034],
        ...,
        [ 0.0932,  0.0418, -0.1137,  ..., -0.0255,  0.0183, -0.0494],
        [ 0.0172, -0.0066,  0.0946,  ..., -0.1061, -0.0121, -0.0270],
        [-0.0284,  0.0008, -0.0169,  ...,  0.0039, -0.0080, -0.0104]],
       requires_grad=True)
torch.Size([28, 2929, 2929]) torch.Size([28, 2929, 50])
Exponential sum:  tensor(10327.6348)
torch.Size([28, 2929, 2929]) torch.Size([28, 2929, 50])
Exponential sum:  tensor(8490.6064)
tensor([[2.4999e-01, 2.5017e-01, 2.4996e-01, 2.4988e-01],
        [2.4993e-01, 2.4964e-01, 2.5024e-01, 2.5019e-01],
        [2.4981e-01, 2.4981e-01, 2.5015e-01, 2.5024e-01],
        ...,
        [5.0081e-11, 1.4237e-09, 2.2923e-05, 9.9998e-01],
        [2.4976e-01, 2.4998e-01, 2.5019e-01, 2.5007e-01],
        [2.4966e-01, 2.4995e-01, 2.5010e-01, 2.5030e-01]])
tensor(indices=tensor([[14],
                       [ 1]]),
       values=tensor([1.]),
       size=(2929, 4), nnz=1, layout=torch.sparse_coo)
torch.Size([28, 2929, 2929]) torch.Size([28, 2929, 50])
torch.Size([28, 2929, 2929]) torch.Size([28, 2929, 50])
Parameter containing:
tensor([[-0.0103, -0.0105, -0.0021,  ...,  0.0175,  0.0012, -0.0019],
        [-0.0023,  0.0207,  0.0272,  ..., -0.0281, -0.0022,  0.0082],
        [-0.0789, -0.0279,  0.0087,  ..., -0.0244,  0.0345, -0.0034],
        ...,
        [ 0.0932,  0.0418, -0.1137,  ..., -0.0255,  0.0183, -0.0494],
        [ 0.0172, -0.0066,  0.0946,  ..., -0.1061, -0.0121, -0.0270],
        [-0.0284,  0.0008, -0.0169,  ...,  0.0039, -0.0080, -0.0104]],
       requires_grad=True)
torch.Size([28, 2929, 2929]) torch.Size([28, 2929, 50])
Exponential sum:  tensor(10327.6348)
torch.Size([28, 2929, 2929]) torch.Size([28, 2929, 50])
Exponential sum:  tensor(8490.6064)
tensor([[2.4999e-01, 2.5017e-01, 2.4996e-01, 2.4988e-01],
        [2.4993e-01, 2.4964e-01, 2.5024e-01, 2.5019e-01],
        [2.4981e-01, 2.4981e-01, 2.5015e-01, 2.5024e-01],
        ...,
        [5.0081e-11, 1.4237e-09, 2.2923e-05, 9.9998e-01],
        [2.4976e-01, 2.4998e-01, 2.5019e-01, 2.5007e-01],
        [2.4966e-01, 2.4995e-01, 2.5010e-01, 2.5030e-01]])
tensor(indices=tensor([[1043],
                       [   1]]),
       values=tensor([1.]),
       size=(2929, 4), nnz=1, layout=torch.sparse_coo)
torch.Size([28, 2929, 2929]) torch.Size([28, 2929, 50])
torch.Size([28, 2929, 2929]) torch.Size([28, 2929, 50])
Parameter containing:
tensor([[-0.0103, -0.0105, -0.0021,  ...,  0.0175,  0.0012, -0.0019],
        [-0.0023,  0.0207,  0.0272,  ..., -0.0281, -0.0022,  0.0082],
        [-0.0789, -0.0279,  0.0087,  ..., -0.0244,  0.0345, -0.0034],
        ...,
        [ 0.0932,  0.0418, -0.1137,  ..., -0.0255,  0.0183, -0.0494],
        [ 0.0172, -0.0066,  0.0946,  ..., -0.1061, -0.0121, -0.0270],
        [-0.0284,  0.0008, -0.0169,  ...,  0.0039, -0.0080, -0.0104]],
       requires_grad=True)
torch.Size([28, 2929, 2929]) torch.Size([28, 2929, 50])
Exponential sum:  tensor(10327.6348)
torch.Size([28, 2929, 2929]) torch.Size([28, 2929, 50])
Exponential sum:  tensor(8490.6064)
tensor([[2.4999e-01, 2.5017e-01, 2.4996e-01, 2.4988e-01],
        [2.4993e-01, 2.4964e-01, 2.5024e-01, 2.5019e-01],
        [2.4981e-01, 2.4981e-01, 2.5015e-01, 2.5024e-01],
        ...,
        [5.0081e-11, 1.4237e-09, 2.2923e-05, 9.9998e-01],
        [2.4976e-01, 2.4998e-01, 2.5019e-01, 2.5007e-01],
        [2.4966e-01, 2.4995e-01, 2.5010e-01, 2.5030e-01]])
tensor(indices=tensor([[2804],
                       [   2]]),
       values=tensor([1.]),
       size=(2929, 4), nnz=1, layout=torch.sparse_coo)
torch.Size([28, 2929, 2929]) torch.Size([28, 2929, 50])
torch.Size([28, 2929, 2929]) torch.Size([28, 2929, 50])
Parameter containing:
tensor([[-0.0103, -0.0105, -0.0021,  ...,  0.0175,  0.0012, -0.0019],
        [-0.0023,  0.0207,  0.0272,  ..., -0.0281, -0.0022,  0.0082],
        [-0.0789, -0.0279,  0.0087,  ..., -0.0244,  0.0345, -0.0034],
        ...,
        [ 0.0932,  0.0418, -0.1137,  ..., -0.0255,  0.0183, -0.0494],
        [ 0.0172, -0.0066,  0.0946,  ..., -0.1061, -0.0121, -0.0270],
        [-0.0284,  0.0008, -0.0169,  ...,  0.0039, -0.0080, -0.0104]],
       requires_grad=True)
torch.Size([28, 2929, 2929]) torch.Size([28, 2929, 50])
Exponential sum:  tensor(10327.6348)
torch.Size([28, 2929, 2929]) torch.Size([28, 2929, 50])
Exponential sum:  tensor(8490.6064)
tensor([[2.4999e-01, 2.5017e-01, 2.4996e-01, 2.4988e-01],
        [2.4993e-01, 2.4964e-01, 2.5024e-01, 2.5019e-01],
        [2.4981e-01, 2.4981e-01, 2.5015e-01, 2.5024e-01],
        ...,
        [5.0081e-11, 1.4237e-09, 2.2923e-05, 9.9998e-01],
        [2.4976e-01, 2.4998e-01, 2.5019e-01, 2.5007e-01],
        [2.4966e-01, 2.4995e-01, 2.5010e-01, 2.5030e-01]])
tensor(indices=tensor([[1706],
                       [   2]]),
       values=tensor([1.]),
       size=(2929, 4), nnz=1, layout=torch.sparse_coo)
torch.Size([28, 2929, 2929]) torch.Size([28, 2929, 50])
torch.Size([28, 2929, 2929]) torch.Size([28, 2929, 50])
count_nodes_self:  3
count_edges_self:  4
