Labels loaded.
RDF loaded.
Graph loaded.
8
0
NVIDIA RTX A6000
8
cuda:  True
0
shape edges:  torch.Size([20319, 3])
num_classes:  4
num_nodes:  2835
num_relations:  24
Parameter containing:
tensor([[-0.0596, -0.4083, -0.2351,  ..., -0.1173, -0.0977,  0.2712],
        [ 0.1079, -0.1584,  0.0896,  ..., -0.2509,  0.0183,  0.2017],
        [-0.2139, -0.1005, -0.2289,  ..., -0.0053, -0.1854, -0.2635],
        ...,
        [ 0.0828,  0.0060, -0.2054,  ..., -0.0711, -0.0326, -0.2881],
        [-0.0237,  0.0984,  0.0456,  ...,  0.5150,  0.1563,  0.1167],
        [-0.2185, -0.3247,  0.1754,  ..., -0.2417, -0.0662,  0.1058]],
       requires_grad=True)
torch.Size([24, 2835, 2835]) torch.Size([24, 2835, 50])
Exponential sum:  tensor(18287.6523, grad_fn=<SumBackward0>)
torch.Size([24, 2835, 2835]) torch.Size([24, 2835, 50])
Exponential sum:  tensor(13139.4473, grad_fn=<SumBackward0>)
tensor([[0.2603, 0.2298, 0.2321, 0.2777],
        [0.2500, 0.2500, 0.2500, 0.2500],
        [0.2444, 0.2607, 0.2277, 0.2672],
        ...,
        [0.2283, 0.2760, 0.2493, 0.2465],
        [0.2508, 0.2467, 0.2401, 0.2624],
        [0.2603, 0.2298, 0.2321, 0.2777]], grad_fn=<SoftmaxBackward0>)
Epoch: 0001 loss: 1.3931 acc_train: 0.1071
Parameter containing:
tensor([[-0.0496, -0.3983, -0.2251,  ..., -0.1073, -0.0878,  0.2612],
        [ 0.0979, -0.1484,  0.0796,  ..., -0.2409,  0.0083,  0.1917],
        [-0.2039, -0.0905, -0.2189,  ...,  0.0046, -0.1754, -0.2535],
        ...,
        [ 0.0728, -0.0040, -0.1954,  ..., -0.0611, -0.0226, -0.2781],
        [-0.0137,  0.0884,  0.0356,  ...,  0.5050,  0.1463,  0.1067],
        [-0.2085, -0.3147,  0.1654,  ..., -0.2317, -0.0562,  0.0958]],
       requires_grad=True)
torch.Size([24, 2835, 2835]) torch.Size([24, 2835, 50])
Exponential sum:  tensor(18522.3105, grad_fn=<SumBackward0>)
torch.Size([24, 2835, 2835]) torch.Size([24, 2835, 50])
Exponential sum:  tensor(12238.2988, grad_fn=<SumBackward0>)
tensor([[0.2693, 0.2268, 0.2388, 0.2651],
        [0.2500, 0.2500, 0.2500, 0.2500],
        [0.2714, 0.2395, 0.2580, 0.2311],
        ...,
        [0.2556, 0.2348, 0.3174, 0.1922],
        [0.2825, 0.2232, 0.2747, 0.2196],
        [0.2693, 0.2268, 0.2388, 0.2651]], grad_fn=<SoftmaxBackward0>)
Epoch: 0002 loss: 1.3471 acc_train: 0.3643
Parameter containing:
tensor([[-0.0397, -0.3883, -0.2151,  ..., -0.0973, -0.0778,  0.2512],
        [ 0.0879, -0.1384,  0.0697,  ..., -0.2309, -0.0008,  0.1817],
        [-0.1939, -0.0806, -0.2090,  ...,  0.0044, -0.1654, -0.2435],
        ...,
        [ 0.0628, -0.0137, -0.1854,  ..., -0.0511, -0.0128, -0.2681],
        [-0.0074,  0.0784,  0.0257,  ...,  0.4950,  0.1364,  0.0967],
        [-0.1985, -0.3047,  0.1554,  ..., -0.2217, -0.0463,  0.0858]],
       requires_grad=True)
torch.Size([24, 2835, 2835]) torch.Size([24, 2835, 50])
Exponential sum:  tensor(18713.3633, grad_fn=<SumBackward0>)
torch.Size([24, 2835, 2835]) torch.Size([24, 2835, 50])
Exponential sum:  tensor(11916.0684, grad_fn=<SumBackward0>)
tensor([[0.2734, 0.2263, 0.2444, 0.2559],
        [0.2500, 0.2500, 0.2500, 0.2500],
        [0.2986, 0.2135, 0.2907, 0.1973],
        ...,
        [0.2763, 0.1841, 0.4058, 0.1338],
        [0.3114, 0.1961, 0.3092, 0.1834],
        [0.2734, 0.2263, 0.2444, 0.2559]], grad_fn=<SoftmaxBackward0>)
Epoch: 0003 loss: 1.2939 acc_train: 0.5429
Parameter containing:
tensor([[-0.0299, -0.3783, -0.2052,  ..., -0.0874, -0.0679,  0.2412],
        [ 0.0780, -0.1285,  0.0598,  ..., -0.2209, -0.0076,  0.1717],
        [-0.1839, -0.0707, -0.1990,  ...,  0.0009, -0.1554, -0.2336],
        ...,
        [ 0.0530, -0.0129, -0.1754,  ..., -0.0411, -0.0034, -0.2582],
        [-0.0108,  0.0686,  0.0160,  ...,  0.4850,  0.1264,  0.0868],
        [-0.1886, -0.2947,  0.1455,  ..., -0.2117, -0.0365,  0.0759]],
       requires_grad=True)
torch.Size([24, 2835, 2835]) torch.Size([24, 2835, 50])
Exponential sum:  tensor(18928.0918, grad_fn=<SumBackward0>)
torch.Size([24, 2835, 2835]) torch.Size([24, 2835, 50])
Exponential sum:  tensor(11551.9658, grad_fn=<SumBackward0>)
tensor([[0.2748, 0.2277, 0.2480, 0.2494],
        [0.2500, 0.2500, 0.2500, 0.2500],
        [0.3321, 0.1826, 0.3216, 0.1637],
        ...,
        [0.2823, 0.1147, 0.5287, 0.0743],
        [0.3433, 0.1645, 0.3426, 0.1497],
        [0.2748, 0.2277, 0.2480, 0.2494]], grad_fn=<SoftmaxBackward0>)
Epoch: 0004 loss: 1.2470 acc_train: 0.5286
Parameter containing:
tensor([[-0.0205, -0.3684, -0.1952,  ..., -0.0776, -0.0582,  0.2313],
        [ 0.0682, -0.1186,  0.0501,  ..., -0.2110, -0.0108,  0.1618],
        [-0.1740, -0.0610, -0.1890,  ..., -0.0012, -0.1456, -0.2236],
        ...,
        [ 0.0432, -0.0083, -0.1655,  ..., -0.0313,  0.0047, -0.2482],
        [-0.0160,  0.0589,  0.0064,  ...,  0.4750,  0.1165,  0.0769],
        [-0.1787, -0.2848,  0.1356,  ..., -0.2018, -0.0270,  0.0662]],
       requires_grad=True)
torch.Size([24, 2835, 2835]) torch.Size([24, 2835, 50])
Exponential sum:  tensor(19059.7539, grad_fn=<SumBackward0>)
torch.Size([24, 2835, 2835]) torch.Size([24, 2835, 50])
Exponential sum:  tensor(11106.5869, grad_fn=<SumBackward0>)
tensor([[0.2752, 0.2308, 0.2489, 0.2452],
        [0.2500, 0.2500, 0.2500, 0.2500],
        [0.3863, 0.1498, 0.3324, 0.1314],
        ...,
        [0.3009, 0.0605, 0.6037, 0.0350],
        [0.3978, 0.1336, 0.3493, 0.1193],
        [0.2752, 0.2308, 0.2489, 0.2452]], grad_fn=<SoftmaxBackward0>)
Epoch: 0005 loss: 1.2020 acc_train: 0.6143
Parameter containing:
tensor([[-0.0115, -0.3584, -0.1854,  ..., -0.0679, -0.0486,  0.2214],
        [ 0.0586, -0.1088,  0.0406,  ..., -0.2011, -0.0107,  0.1520],
        [-0.1642, -0.0514, -0.1791,  ..., -0.0007, -0.1357, -0.2137],
        ...,
        [ 0.0337, -0.0028, -0.1556,  ..., -0.0216,  0.0113, -0.2383],
        [-0.0221,  0.0495, -0.0031,  ...,  0.4650,  0.1068,  0.0671],
        [-0.1688, -0.2748,  0.1258,  ..., -0.1919, -0.0178,  0.0565]],
       requires_grad=True)
torch.Size([24, 2835, 2835]) torch.Size([24, 2835, 50])
Exponential sum:  tensor(19147.8691, grad_fn=<SumBackward0>)
torch.Size([24, 2835, 2835]) torch.Size([24, 2835, 50])
Exponential sum:  tensor(10897.3232, grad_fn=<SumBackward0>)
tensor([[0.2746, 0.2344, 0.2484, 0.2425],
        [0.2500, 0.2500, 0.2500, 0.2500],
        [0.4767, 0.1171, 0.3069, 0.0993],
        ...,
        [0.3467, 0.0301, 0.6089, 0.0143],
        [0.4856, 0.1060, 0.3180, 0.0904],
        [0.2746, 0.2344, 0.2484, 0.2425]], grad_fn=<SoftmaxBackward0>)
Epoch: 0006 loss: 1.1430 acc_train: 0.7000
Parameter containing:
tensor([[-3.2447e-03, -3.4851e-01, -1.7553e-01,  ..., -5.8418e-02,
         -3.9240e-02,  2.1151e-01],
        [ 4.9144e-02, -9.9109e-02,  3.1335e-02,  ..., -1.9127e-01,
         -8.5762e-03,  1.4219e-01],
        [-1.5442e-01, -4.2102e-02, -1.6928e-01,  ...,  8.8576e-04,
         -1.2600e-01, -2.0383e-01],
        ...,
        [ 2.4467e-02,  4.2624e-04, -1.4573e-01,  ..., -1.2018e-02,
          1.6543e-02, -2.2845e-01],
        [-2.8661e-02,  4.0347e-02, -1.2083e-02,  ...,  4.5509e-01,
          9.7060e-02,  5.7422e-02],
        [-1.5899e-01, -2.6496e-01,  1.1605e-01,  ..., -1.8209e-01,
         -9.2115e-03,  4.7099e-02]], requires_grad=True)
torch.Size([24, 2835, 2835]) torch.Size([24, 2835, 50])
Exponential sum:  tensor(19165.4727, grad_fn=<SumBackward0>)
torch.Size([24, 2835, 2835]) torch.Size([24, 2835, 50])
Exponential sum:  tensor(10708.6240, grad_fn=<SumBackward0>)
tensor([[0.2742, 0.2374, 0.2480, 0.2404],
        [0.2500, 0.2500, 0.2500, 0.2500],
        [0.5964, 0.0860, 0.2503, 0.0672],
        ...,
        [0.4093, 0.0147, 0.5712, 0.0048],
        [0.6004, 0.0791, 0.2583, 0.0622],
        [0.2742, 0.2374, 0.2480, 0.2404]], grad_fn=<SoftmaxBackward0>)
Epoch: 0007 loss: 1.0907 acc_train: 0.6929
Parameter containing:
tensor([[ 0.0042, -0.3386, -0.1658,  ..., -0.0491, -0.0302,  0.2017],
        [ 0.0399, -0.0895,  0.0225,  ..., -0.1815, -0.0052,  0.1325],
        [-0.1447, -0.0331, -0.1595,  ...,  0.0020, -0.1164, -0.1940],
        ...,
        [ 0.0155, -0.0013, -0.1360,  ..., -0.0025,  0.0208, -0.2186],
        [-0.0358,  0.0316, -0.0205,  ...,  0.4452,  0.0875,  0.0479],
        [-0.1493, -0.2551,  0.1064,  ..., -0.1723, -0.0013,  0.0379]],
       requires_grad=True)
torch.Size([24, 2835, 2835]) torch.Size([24, 2835, 50])
Exponential sum:  tensor(19132.1855, grad_fn=<SumBackward0>)
torch.Size([24, 2835, 2835]) torch.Size([24, 2835, 50])
Exponential sum:  tensor(10505.1572, grad_fn=<SumBackward0>)
tensor([[0.2727, 0.2403, 0.2477, 0.2393],
        [0.2500, 0.2500, 0.2500, 0.2500],
        [0.7100, 0.0619, 0.1868, 0.0414],
        ...,
        [0.4132, 0.0068, 0.5788, 0.0013],
        [0.7124, 0.0572, 0.1915, 0.0390],
        [0.2727, 0.2403, 0.2477, 0.2393]], grad_fn=<SoftmaxBackward0>)
Epoch: 0008 loss: 1.0520 acc_train: 0.6857
Parameter containing:
tensor([[ 0.0105, -0.3288, -0.1561,  ..., -0.0401, -0.0215,  0.1920],
        [ 0.0311, -0.0801,  0.0140,  ..., -0.1718, -0.0014,  0.1229],
        [-0.1351, -0.0244, -0.1498,  ...,  0.0021, -0.1068, -0.1843],
        ...,
        [ 0.0070, -0.0059, -0.1263,  ...,  0.0072,  0.0244, -0.2088],
        [-0.0437,  0.0236, -0.0286,  ...,  0.4353,  0.0781,  0.0386],
        [-0.1396, -0.2453,  0.0969,  ..., -0.1626,  0.0058,  0.0291]],
       requires_grad=True)
torch.Size([24, 2835, 2835]) torch.Size([24, 2835, 50])
Exponential sum:  tensor(19016.6348, grad_fn=<SumBackward0>)
torch.Size([24, 2835, 2835]) torch.Size([24, 2835, 50])
Exponential sum:  tensor(10372.4912, grad_fn=<SumBackward0>)
tensor([[2.7039e-01, 2.4271e-01, 2.4816e-01, 2.3874e-01],
        [2.5000e-01, 2.5000e-01, 2.5000e-01, 2.5000e-01],
        [7.6944e-01, 5.1182e-02, 1.5124e-01, 2.8131e-02],
        ...,
        [2.5784e-01, 3.4195e-03, 7.3844e-01, 3.0869e-04],
        [7.7068e-01, 4.8510e-02, 1.5363e-01, 2.7179e-02],
        [2.7039e-01, 2.4271e-01, 2.4816e-01, 2.3874e-01]],
       grad_fn=<SoftmaxBackward0>)
Epoch: 0009 loss: 1.0115 acc_train: 0.7357
Parameter containing:
tensor([[ 0.0155, -0.3190, -0.1465,  ..., -0.0314, -0.0134,  0.1823],
        [ 0.0226, -0.0709,  0.0062,  ..., -0.1622,  0.0023,  0.1134],
        [-0.1256, -0.0161, -0.1403,  ...,  0.0017, -0.0975, -0.1747],
        ...,
        [-0.0010, -0.0119, -0.1166,  ...,  0.0168,  0.0269, -0.1991],
        [-0.0522,  0.0163, -0.0364,  ...,  0.4254,  0.0689,  0.0294],
        [-0.1301, -0.2356,  0.0876,  ..., -0.1531,  0.0118,  0.0206]],
       requires_grad=True)
torch.Size([24, 2835, 2835]) torch.Size([24, 2835, 50])
Exponential sum:  tensor(19105.2812, grad_fn=<SumBackward0>)
torch.Size([24, 2835, 2835]) torch.Size([24, 2835, 50])
Exponential sum:  tensor(10250.2910, grad_fn=<SumBackward0>)
tensor([[2.6760e-01, 2.4478e-01, 2.4884e-01, 2.3878e-01],
        [2.5000e-01, 2.5000e-01, 2.5000e-01, 2.5000e-01],
        [7.8357e-01, 4.9545e-02, 1.4407e-01, 2.2807e-02],
        ...,
        [6.4594e-02, 1.2446e-03, 9.3411e-01, 4.9543e-05],
        [7.8530e-01, 4.7666e-02, 1.4466e-01, 2.2378e-02],
        [2.6760e-01, 2.4478e-01, 2.4884e-01, 2.3878e-01]],
       grad_fn=<SoftmaxBackward0>)
Epoch: 0010 loss: 0.9715 acc_train: 0.7714
Parameter containing:
tensor([[ 0.0192, -0.3093, -0.1371,  ..., -0.0230, -0.0057,  0.1728],
        [ 0.0145, -0.0619, -0.0010,  ..., -0.1527,  0.0051,  0.1041],
        [-0.1162, -0.0084, -0.1308,  ...,  0.0010, -0.0882, -0.1651],
        ...,
        [-0.0083, -0.0169, -0.1071,  ...,  0.0254,  0.0267, -0.1895],
        [-0.0595,  0.0098, -0.0434,  ...,  0.4155,  0.0599,  0.0204],
        [-0.1207, -0.2260,  0.0784,  ..., -0.1436,  0.0166,  0.0127]],
       requires_grad=True)
torch.Size([24, 2835, 2835]) torch.Size([24, 2835, 50])
Exponential sum:  tensor(18543.7363, grad_fn=<SumBackward0>)
torch.Size([24, 2835, 2835]) torch.Size([24, 2835, 50])
Exponential sum:  tensor(9446.8740, grad_fn=<SumBackward0>)
tensor([[2.6480e-01, 2.4613e-01, 2.4970e-01, 2.3937e-01],
        [2.5000e-01, 2.5000e-01, 2.5000e-01, 2.5000e-01],
        [7.8056e-01, 4.7785e-02, 1.5179e-01, 1.9872e-02],
        ...,
        [7.1102e-03, 2.5655e-04, 9.9263e-01, 4.3570e-06],
        [7.8432e-01, 4.6046e-02, 1.5015e-01, 1.9488e-02],
        [2.6480e-01, 2.4613e-01, 2.4970e-01, 2.3937e-01]],
       grad_fn=<SoftmaxBackward0>)
Epoch: 0011 loss: 0.9402 acc_train: 0.8286
Parameter containing:
tensor([[ 0.0215, -0.2996, -0.1278,  ..., -0.0152,  0.0013,  0.1633],
        [ 0.0070, -0.0531, -0.0074,  ..., -0.1433,  0.0068,  0.0950],
        [-0.1069, -0.0006, -0.1218,  ..., -0.0038, -0.0790, -0.1558],
        ...,
        [-0.0145, -0.0192, -0.0978,  ...,  0.0323,  0.0242, -0.1800],
        [-0.0605,  0.0051, -0.0511,  ...,  0.4057,  0.0515,  0.0115],
        [-0.1115, -0.2164,  0.0695,  ..., -0.1342,  0.0201,  0.0053]],
       requires_grad=True)
torch.Size([24, 2835, 2835]) torch.Size([24, 2835, 50])
Exponential sum:  tensor(18952., grad_fn=<SumBackward0>)
torch.Size([24, 2835, 2835]) torch.Size([24, 2835, 50])
Exponential sum:  tensor(9224.1611, grad_fn=<SumBackward0>)
tensor([[2.6256e-01, 2.4672e-01, 2.5048e-01, 2.4024e-01],
        [2.5000e-01, 2.5000e-01, 2.5000e-01, 2.5000e-01],
        [7.8431e-01, 4.0960e-02, 1.5800e-01, 1.6737e-02],
        ...,
        [6.3956e-04, 4.0388e-05, 9.9932e-01, 2.6425e-07],
        [7.8952e-01, 3.9315e-02, 1.5492e-01, 1.6243e-02],
        [2.6256e-01, 2.4672e-01, 2.5048e-01, 2.4024e-01]],
       grad_fn=<SoftmaxBackward0>)
Epoch: 0012 loss: 0.9160 acc_train: 0.8286
Parameter containing:
tensor([[ 2.2432e-02, -2.8997e-01, -1.1857e-01,  ..., -7.7972e-03,
          7.4949e-03,  1.5400e-01],
        [ 1.1742e-04, -4.4660e-02, -1.2930e-02,  ..., -1.3403e-01,
          7.1090e-03,  8.5983e-02],
        [-9.7809e-02,  6.6769e-03, -1.1308e-01,  ..., -9.0585e-03,
         -7.0024e-02, -1.4660e-01],
        ...,
        [-1.9614e-02, -1.9135e-02, -8.8740e-02,  ...,  3.7406e-02,
          2.0162e-02, -1.7062e-01],
        [-5.7911e-02,  8.7926e-04, -5.6184e-02,  ...,  3.9590e-01,
          4.3312e-02,  3.0997e-03],
        [-1.0236e-01, -2.0691e-01,  6.0755e-02,  ..., -1.2500e-01,
          2.2417e-02, -1.5118e-03]], requires_grad=True)
torch.Size([24, 2835, 2835]) torch.Size([24, 2835, 50])
Exponential sum:  tensor(19074.4688, grad_fn=<SumBackward0>)
torch.Size([24, 2835, 2835]) torch.Size([24, 2835, 50])
Exponential sum:  tensor(9144.2246, grad_fn=<SumBackward0>)
tensor([[2.6071e-01, 2.4704e-01, 2.5101e-01, 2.4125e-01],
        [2.5000e-01, 2.5000e-01, 2.5000e-01, 2.5000e-01],
        [8.1637e-01, 2.9602e-02, 1.4131e-01, 1.2720e-02],
        ...,
        [5.7279e-05, 5.5159e-06, 9.9994e-01, 1.4865e-08],
        [8.2320e-01, 2.8024e-02, 1.3670e-01, 1.2074e-02],
        [2.6071e-01, 2.4704e-01, 2.5101e-01, 2.4125e-01]],
       grad_fn=<SoftmaxBackward0>)
Epoch: 0013 loss: 0.8945 acc_train: 0.8786
Parameter containing:
tensor([[ 0.0222, -0.2804, -0.1095,  ..., -0.0010,  0.0129,  0.1448],
        [-0.0061, -0.0365, -0.0175,  ..., -0.1249,  0.0063,  0.0772],
        [-0.0889,  0.0131, -0.1044,  ..., -0.0128, -0.0613, -0.1375],
        ...,
        [-0.0236, -0.0172, -0.0799,  ...,  0.0408,  0.0152, -0.1614],
        [-0.0530, -0.0029, -0.0582,  ...,  0.3862,  0.0355, -0.0046],
        [-0.0935, -0.1975,  0.0523,  ..., -0.1159,  0.0235, -0.0076]],
       requires_grad=True)
torch.Size([24, 2835, 2835]) torch.Size([24, 2835, 50])
Exponential sum:  tensor(19039.1367, grad_fn=<SumBackward0>)
torch.Size([24, 2835, 2835]) torch.Size([24, 2835, 50])
Exponential sum:  tensor(9118.5742, grad_fn=<SumBackward0>)
tensor([[2.5908e-01, 2.4718e-01, 2.5138e-01, 2.4235e-01],
        [2.5000e-01, 2.5000e-01, 2.5000e-01, 2.5000e-01],
        [8.6528e-01, 1.8639e-02, 1.0718e-01, 8.9071e-03],
        ...,
        [6.0292e-06, 7.6634e-07, 9.9999e-01, 9.6178e-10],
        [8.7318e-01, 1.7174e-02, 1.0146e-01, 8.1855e-03],
        [2.5908e-01, 2.4718e-01, 2.5138e-01, 2.4235e-01]],
       grad_fn=<SoftmaxBackward0>)
Epoch: 0014 loss: 0.8776 acc_train: 0.8786
Parameter containing:
tensor([[ 0.0211, -0.2710, -0.1007,  ...,  0.0051,  0.0175,  0.1357],
        [-0.0116, -0.0287, -0.0212,  ..., -0.1160,  0.0046,  0.0687],
        [-0.0802,  0.0186, -0.0959,  ..., -0.0149, -0.0528, -0.1286],
        ...,
        [-0.0264, -0.0139, -0.0713,  ...,  0.0426,  0.0096, -0.1523],
        [-0.0466, -0.0062, -0.0577,  ...,  0.3766,  0.0280, -0.0115],
        [-0.0847, -0.1882,  0.0442,  ..., -0.1070,  0.0235, -0.0129]],
       requires_grad=True)
torch.Size([24, 2835, 2835]) torch.Size([24, 2835, 50])
Exponential sum:  tensor(19014.9316, grad_fn=<SumBackward0>)
torch.Size([24, 2835, 2835]) torch.Size([24, 2835, 50])
Exponential sum:  tensor(9153.8887, grad_fn=<SumBackward0>)
tensor([[2.5767e-01, 2.4733e-01, 2.5150e-01, 2.4351e-01],
        [2.5000e-01, 2.5000e-01, 2.5000e-01, 2.5000e-01],
        [9.1200e-01, 1.0893e-02, 7.1091e-02, 6.0114e-03],
        ...,
        [7.7732e-07, 1.2536e-07, 1.0000e+00, 9.2470e-11],
        [9.1925e-01, 9.7399e-03, 6.5645e-02, 5.3605e-03],
        [2.5767e-01, 2.4733e-01, 2.5150e-01, 2.4351e-01]],
       grad_fn=<SoftmaxBackward0>)
Epoch: 0015 loss: 0.8682 acc_train: 0.8786
Parameter containing:
tensor([[ 0.0191, -0.2616, -0.0920,  ...,  0.0106,  0.0212,  0.1268],
        [-0.0163, -0.0213, -0.0239,  ..., -0.1072,  0.0023,  0.0604],
        [-0.0717,  0.0231, -0.0876,  ..., -0.0153, -0.0447, -0.1198],
        ...,
        [-0.0281, -0.0098, -0.0629,  ...,  0.0429,  0.0040, -0.1433],
        [-0.0392, -0.0090, -0.0553,  ...,  0.3671,  0.0208, -0.0175],
        [-0.0763, -0.1791,  0.0363,  ..., -0.0983,  0.0226, -0.0174]],
       requires_grad=True)
torch.Size([24, 2835, 2835]) torch.Size([24, 2835, 50])
Exponential sum:  tensor(19000.5020, grad_fn=<SumBackward0>)
torch.Size([24, 2835, 2835]) torch.Size([24, 2835, 50])
Exponential sum:  tensor(9242.1074, grad_fn=<SumBackward0>)
tensor([[2.5646e-01, 2.4734e-01, 2.5173e-01, 2.4447e-01],
        [2.5000e-01, 2.5000e-01, 2.5000e-01, 2.5000e-01],
        [9.4551e-01, 6.4080e-03, 4.3906e-02, 4.1779e-03],
        ...,
        [1.2566e-07, 2.8350e-08, 1.0000e+00, 1.4260e-11],
        [9.5150e-01, 5.5328e-03, 3.9360e-02, 3.6048e-03],
        [2.5646e-01, 2.4734e-01, 2.5173e-01, 2.4447e-01]],
       grad_fn=<SoftmaxBackward0>)
Epoch: 0016 loss: 0.8633 acc_train: 0.8786
Parameter containing:
tensor([[ 1.6408e-02, -2.5228e-01, -8.3600e-02,  ...,  1.5343e-02,
          2.3952e-02,  1.1806e-01],
        [-2.0185e-02, -1.4365e-02, -2.5590e-02,  ..., -9.8591e-02,
         -4.7227e-05,  5.2407e-02],
        [-6.3490e-02,  2.6613e-02, -7.9393e-02,  ..., -1.4273e-02,
         -3.6891e-02, -1.1116e-01],
        ...,
        [-2.8757e-02, -5.3141e-03, -5.4836e-02,  ...,  4.2098e-02,
         -1.4810e-03, -1.3453e-01],
        [-3.1297e-02, -1.1324e-02, -5.1488e-02,  ...,  3.5771e-01,
          1.4101e-02, -2.2669e-02],
        [-6.8005e-02, -1.7005e-01,  2.8871e-02,  ..., -8.9826e-02,
          2.0806e-02, -2.1096e-02]], requires_grad=True)
torch.Size([24, 2835, 2835]) torch.Size([24, 2835, 50])
Exponential sum:  tensor(18992.7949, grad_fn=<SumBackward0>)
torch.Size([24, 2835, 2835]) torch.Size([24, 2835, 50])
Exponential sum:  tensor(9384.8115, grad_fn=<SumBackward0>)
tensor([[2.5510e-01, 2.4769e-01, 2.5187e-01, 2.4533e-01],
        [2.5000e-01, 2.5000e-01, 2.5000e-01, 2.5000e-01],
        [9.6615e-01, 3.9781e-03, 2.6730e-02, 3.1449e-03],
        ...,
        [2.4947e-08, 9.5521e-09, 1.0000e+00, 3.4671e-12],
        [9.7078e-01, 3.3254e-03, 2.3244e-02, 2.6513e-03],
        [2.5510e-01, 2.4769e-01, 2.5187e-01, 2.4533e-01]],
       grad_fn=<SoftmaxBackward0>)
Epoch: 0017 loss: 0.8605 acc_train: 0.8786
Parameter containing:
tensor([[ 0.0133, -0.2431, -0.0754,  ...,  0.0193,  0.0258,  0.1095],
        [-0.0232, -0.0079, -0.0264,  ..., -0.0902, -0.0022,  0.0447],
        [-0.0555,  0.0291, -0.0714,  ..., -0.0121, -0.0295, -0.1027],
        ...,
        [-0.0285, -0.0008, -0.0471,  ...,  0.0402, -0.0063, -0.1259],
        [-0.0230, -0.0131, -0.0466,  ...,  0.3484,  0.0078, -0.0270],
        [-0.0600, -0.1611,  0.0218,  ..., -0.0815,  0.0184, -0.0239]],
       requires_grad=True)
torch.Size([24, 2835, 2835]) torch.Size([24, 2835, 50])
Exponential sum:  tensor(18989.7266, grad_fn=<SumBackward0>)
torch.Size([24, 2835, 2835]) torch.Size([24, 2835, 50])
Exponential sum:  tensor(9568.2305, grad_fn=<SumBackward0>)
tensor([[2.5380e-01, 2.4826e-01, 2.5180e-01, 2.4614e-01],
        [2.5000e-01, 2.5000e-01, 2.5000e-01, 2.5000e-01],
        [9.7766e-01, 2.6994e-03, 1.6958e-02, 2.6805e-03],
        ...,
        [5.8251e-09, 4.5494e-09, 1.0000e+00, 1.2705e-12],
        [9.8126e-01, 2.1913e-03, 1.4351e-02, 2.1935e-03],
        [2.5380e-01, 2.4826e-01, 2.5180e-01, 2.4614e-01]],
       grad_fn=<SoftmaxBackward0>)
Epoch: 0018 loss: 0.8585 acc_train: 0.8786
Parameter containing:
tensor([[ 0.0099, -0.2340, -0.0674,  ...,  0.0226,  0.0269,  0.1011],
        [-0.0255, -0.0019, -0.0264,  ..., -0.0820, -0.0038,  0.0373],
        [-0.0479,  0.0307, -0.0637,  ..., -0.0092, -0.0224, -0.0945],
        ...,
        [-0.0274,  0.0035, -0.0396,  ...,  0.0375, -0.0102, -0.1175],
        [-0.0147, -0.0143, -0.0410,  ...,  0.3392,  0.0020, -0.0304],
        [-0.0523, -0.1524,  0.0151,  ..., -0.0735,  0.0155, -0.0259]],
       requires_grad=True)
torch.Size([24, 2835, 2835]) torch.Size([24, 2835, 50])
Exponential sum:  tensor(18989.7070, grad_fn=<SumBackward0>)
torch.Size([24, 2835, 2835]) torch.Size([24, 2835, 50])
Exponential sum:  tensor(9737.5225, grad_fn=<SumBackward0>)
tensor([[2.5277e-01, 2.4882e-01, 2.5148e-01, 2.4694e-01],
        [2.5000e-01, 2.5000e-01, 2.5000e-01, 2.5000e-01],
        [9.8379e-01, 2.0617e-03, 1.1637e-02, 2.5163e-03],
        ...,
        [1.5643e-09, 3.0053e-09, 1.0000e+00, 6.2493e-13],
        [9.8686e-01, 1.6133e-03, 9.5344e-03, 1.9933e-03],
        [2.5277e-01, 2.4882e-01, 2.5148e-01, 2.4694e-01]],
       grad_fn=<SoftmaxBackward0>)
Epoch: 0019 loss: 0.8568 acc_train: 0.8786
Parameter containing:
tensor([[ 0.0064, -0.2250, -0.0597,  ...,  0.0250,  0.0272,  0.0930],
        [-0.0270,  0.0036, -0.0257,  ..., -0.0741, -0.0047,  0.0303],
        [-0.0406,  0.0314, -0.0562,  ..., -0.0058, -0.0158, -0.0864],
        ...,
        [-0.0256,  0.0070, -0.0325,  ...,  0.0341, -0.0129, -0.1092],
        [-0.0065, -0.0150, -0.0349,  ...,  0.3300, -0.0033, -0.0330],
        [-0.0449, -0.1438,  0.0089,  ..., -0.0657,  0.0123, -0.0272]],
       requires_grad=True)
torch.Size([24, 2835, 2835]) torch.Size([24, 2835, 50])
Exponential sum:  tensor(18993.9395, grad_fn=<SumBackward0>)
torch.Size([24, 2835, 2835]) torch.Size([24, 2835, 50])
Exponential sum:  tensor(9998.0098, grad_fn=<SumBackward0>)
tensor([[2.5211e-01, 2.4944e-01, 2.5085e-01, 2.4760e-01],
        [2.5000e-01, 2.5000e-01, 2.5000e-01, 2.5000e-01],
        [9.8728e-01, 1.7486e-03, 8.4168e-03, 2.5560e-03],
        ...,
        [5.2235e-10, 2.8236e-09, 1.0000e+00, 4.1182e-13],
        [9.9004e-01, 1.3202e-03, 6.6845e-03, 1.9535e-03],
        [2.5211e-01, 2.4944e-01, 2.5085e-01, 2.4760e-01]],
       grad_fn=<SoftmaxBackward0>)
Epoch: 0020 loss: 0.8553 acc_train: 0.8929
Parameter containing:
tensor([[ 0.0029, -0.2161, -0.0523,  ...,  0.0267,  0.0267,  0.0850],
        [-0.0277,  0.0085, -0.0243,  ..., -0.0664, -0.0047,  0.0236],
        [-0.0336,  0.0312, -0.0490,  ..., -0.0022, -0.0097, -0.0786],
        ...,
        [-0.0232,  0.0095, -0.0258,  ...,  0.0301, -0.0143, -0.1012],
        [ 0.0012, -0.0152, -0.0284,  ...,  0.3210, -0.0081, -0.0347],
        [-0.0378, -0.1354,  0.0032,  ..., -0.0582,  0.0089, -0.0276]],
       requires_grad=True)
torch.Size([24, 2835, 2835]) torch.Size([24, 2835, 50])
Exponential sum:  tensor(19004.4297, grad_fn=<SumBackward0>)
torch.Size([24, 2835, 2835]) torch.Size([24, 2835, 50])
Exponential sum:  tensor(10369.0918, grad_fn=<SumBackward0>)
tensor([[2.5171e-01, 2.5004e-01, 2.5011e-01, 2.4814e-01],
        [2.5000e-01, 2.5000e-01, 2.5000e-01, 2.5000e-01],
        [9.8956e-01, 1.5756e-03, 6.1507e-03, 2.7164e-03],
        ...,
        [2.5324e-10, 3.9610e-09, 1.0000e+00, 3.8245e-13],
        [9.9208e-01, 1.1538e-03, 4.7458e-03, 2.0167e-03],
        [2.5171e-01, 2.5004e-01, 2.5011e-01, 2.4814e-01]],
       grad_fn=<SoftmaxBackward0>)
Epoch: 0021 loss: 0.8538 acc_train: 0.8929
Parameter containing:
tensor([[-0.0004, -0.2074, -0.0452,  ...,  0.0278,  0.0256,  0.0773],
        [-0.0277,  0.0129, -0.0223,  ..., -0.0590, -0.0040,  0.0174],
        [-0.0269,  0.0304, -0.0421,  ...,  0.0013, -0.0039, -0.0710],
        ...,
        [-0.0203,  0.0109, -0.0195,  ...,  0.0258, -0.0145, -0.0933],
        [ 0.0081, -0.0149, -0.0218,  ...,  0.3121, -0.0123, -0.0357],
        [-0.0311, -0.1271, -0.0021,  ..., -0.0509,  0.0055, -0.0274]],
       requires_grad=True)
torch.Size([24, 2835, 2835]) torch.Size([24, 2835, 50])
Exponential sum:  tensor(19017.2949, grad_fn=<SumBackward0>)
torch.Size([24, 2835, 2835]) torch.Size([24, 2835, 50])
Exponential sum:  tensor(10843.3311, grad_fn=<SumBackward0>)
tensor([[2.5151e-01, 2.5053e-01, 2.4937e-01, 2.4859e-01],
        [2.5000e-01, 2.5000e-01, 2.5000e-01, 2.5000e-01],
        [9.9095e-01, 1.5141e-03, 4.5255e-03, 3.0153e-03],
        ...,
        [1.7878e-10, 8.8360e-09, 1.0000e+00, 5.2722e-13],
        [9.9334e-01, 1.0835e-03, 3.3947e-03, 2.1817e-03],
        [2.5151e-01, 2.5053e-01, 2.4937e-01, 2.4859e-01]],
       grad_fn=<SoftmaxBackward0>)
Epoch: 0022 loss: 0.8516 acc_train: 0.8929
Parameter containing:
tensor([[-0.0034, -0.1988, -0.0384,  ...,  0.0281,  0.0240,  0.0698],
        [-0.0271,  0.0167, -0.0200,  ..., -0.0519, -0.0027,  0.0115],
        [-0.0206,  0.0289, -0.0354,  ...,  0.0043,  0.0013, -0.0637],
        ...,
        [-0.0171,  0.0112, -0.0135,  ...,  0.0212, -0.0136, -0.0857],
        [ 0.0140, -0.0142, -0.0151,  ...,  0.3032, -0.0160, -0.0360],
        [-0.0247, -0.1190, -0.0069,  ..., -0.0440,  0.0021, -0.0266]],
       requires_grad=True)
torch.Size([24, 2835, 2835]) torch.Size([24, 2835, 50])
Exponential sum:  tensor(19026.6934, grad_fn=<SumBackward0>)
torch.Size([24, 2835, 2835]) torch.Size([24, 2835, 50])
Exponential sum:  tensor(11417.1309, grad_fn=<SumBackward0>)
tensor([[2.5141e-01, 2.5076e-01, 2.4881e-01, 2.4902e-01],
        [2.5000e-01, 2.5000e-01, 2.5000e-01, 2.5000e-01],
        [9.9109e-01, 1.6859e-03, 3.5151e-03, 3.7084e-03],
        ...,
        [1.4980e-10, 3.2083e-08, 1.0000e+00, 1.0530e-12],
        [9.9361e-01, 1.1891e-03, 2.5760e-03, 2.6238e-03],
        [2.5141e-01, 2.5076e-01, 2.4881e-01, 2.4902e-01]],
       grad_fn=<SoftmaxBackward0>)
Epoch: 0023 loss: 0.8473 acc_train: 0.8929
Parameter containing:
tensor([[-0.0059, -0.1903, -0.0319,  ...,  0.0279,  0.0219,  0.0626],
        [-0.0259,  0.0200, -0.0172,  ..., -0.0451, -0.0011,  0.0060],
        [-0.0147,  0.0268, -0.0291,  ...,  0.0067,  0.0061, -0.0566],
        ...,
        [-0.0137,  0.0104, -0.0080,  ...,  0.0165, -0.0118, -0.0783],
        [ 0.0188, -0.0131, -0.0087,  ...,  0.2945, -0.0191, -0.0357],
        [-0.0186, -0.1111, -0.0112,  ..., -0.0373, -0.0010, -0.0252]],
       requires_grad=True)
torch.Size([24, 2835, 2835]) torch.Size([24, 2835, 50])
Exponential sum:  tensor(19049.4258, grad_fn=<SumBackward0>)
torch.Size([24, 2835, 2835]) torch.Size([24, 2835, 50])
Exponential sum:  tensor(12056.5498, grad_fn=<SumBackward0>)
tensor([[2.5128e-01, 2.5088e-01, 2.4843e-01, 2.4942e-01],
        [2.5000e-01, 2.5000e-01, 2.5000e-01, 2.5000e-01],
        [9.8917e-01, 2.3821e-03, 3.0331e-03, 5.4113e-03],
        ...,
        [1.3121e-10, 2.0757e-07, 1.0000e+00, 3.1047e-12],
        [9.9244e-01, 1.6690e-03, 2.1701e-03, 3.7200e-03],
        [2.5128e-01, 2.5088e-01, 2.4843e-01, 2.4942e-01]],
       grad_fn=<SoftmaxBackward0>)
Epoch: 0024 loss: 0.8390 acc_train: 0.9071
Parameter containing:
tensor([[-0.0080, -0.1819, -0.0257,  ...,  0.0271,  0.0194,  0.0557],
        [-0.0243,  0.0226, -0.0143,  ..., -0.0385,  0.0005,  0.0010],
        [-0.0092,  0.0243, -0.0231,  ...,  0.0082,  0.0103, -0.0498],
        ...,
        [-0.0102,  0.0088, -0.0029,  ...,  0.0118, -0.0093, -0.0712],
        [ 0.0222, -0.0118, -0.0025,  ...,  0.2859, -0.0217, -0.0347],
        [-0.0130, -0.1034, -0.0149,  ..., -0.0310, -0.0038, -0.0234]],
       requires_grad=True)
torch.Size([24, 2835, 2835]) torch.Size([24, 2835, 50])
Exponential sum:  tensor(19064.5059, grad_fn=<SumBackward0>)
torch.Size([24, 2835, 2835]) torch.Size([24, 2835, 50])
Exponential sum:  tensor(14377.6914, grad_fn=<SumBackward0>)
tensor([[2.5118e-01, 2.5095e-01, 2.4814e-01, 2.4972e-01],
        [2.5000e-01, 2.5000e-01, 2.5000e-01, 2.5000e-01],
        [9.8475e-01, 3.8541e-03, 2.7248e-03, 8.6711e-03],
        ...,
        [1.4969e-10, 2.1260e-06, 1.0000e+00, 1.3855e-11],
        [9.8956e-01, 2.7053e-03, 1.9231e-03, 5.8090e-03],
        [2.5118e-01, 2.5095e-01, 2.4814e-01, 2.4972e-01]],
       grad_fn=<SoftmaxBackward0>)
Epoch: 0025 loss: 0.8317 acc_train: 0.9143
Parameter containing:
tensor([[-0.0095, -0.1737, -0.0200,  ...,  0.0258,  0.0167,  0.0490],
        [-0.0222,  0.0247, -0.0112,  ..., -0.0323,  0.0019, -0.0036],
        [-0.0042,  0.0215, -0.0175,  ...,  0.0089,  0.0141, -0.0433],
        ...,
        [-0.0067,  0.0066,  0.0018,  ...,  0.0072, -0.0064, -0.0643],
        [ 0.0242, -0.0102,  0.0031,  ...,  0.2773, -0.0237, -0.0333],
        [-0.0077, -0.0960, -0.0182,  ..., -0.0250, -0.0062, -0.0212]],
       requires_grad=True)
torch.Size([24, 2835, 2835]) torch.Size([24, 2835, 50])
Exponential sum:  tensor(19074.5547)
torch.Size([24, 2835, 2835]) torch.Size([24, 2835, 50])
Exponential sum:  tensor(15078.7861)
tensor([[2.5113e-01, 2.5104e-01, 2.4798e-01, 2.4986e-01],
        [2.5000e-01, 2.5000e-01, 2.5000e-01, 2.5000e-01],
        [9.7555e-01, 6.8425e-03, 2.4854e-03, 1.5120e-02],
        ...,
        [2.3232e-10, 3.2672e-05, 9.9997e-01, 9.3737e-11],
        [9.8340e-01, 4.8790e-03, 1.7415e-03, 9.9840e-03],
        [2.5113e-01, 2.5104e-01, 2.4798e-01, 2.4986e-01]])
Start RGAT_emb
M_l2:  tensor([[[0., 0., 0.,  ..., 0., 0., 0.],
         [0., 0., 0.,  ..., 0., 0., 0.],
         [0., 0., 0.,  ..., 0., 0., 0.],
         ...,
         [0., 0., 0.,  ..., 0., 0., 0.],
         [0., 0., 0.,  ..., 0., 0., 0.],
         [0., 0., 0.,  ..., 0., 0., 0.]],

        [[0., 0., 0.,  ..., 0., 0., 0.],
         [0., 0., 0.,  ..., 0., 0., 0.],
         [0., 0., 0.,  ..., 0., 0., 0.],
         ...,
         [0., 0., 0.,  ..., 0., 0., 0.],
         [0., 0., 0.,  ..., 0., 0., 0.],
         [0., 0., 0.,  ..., 0., 0., 0.]],

        [[0., 0., 0.,  ..., 0., 0., 0.],
         [0., 0., 0.,  ..., 0., 0., 0.],
         [0., 0., 0.,  ..., 0., 0., 0.],
         ...,
         [0., 0., 0.,  ..., 0., 0., 0.],
         [0., 0., 0.,  ..., 0., 0., 0.],
         [0., 0., 0.,  ..., 0., 0., 0.]],

        ...,

        [[0., 0., 0.,  ..., 0., 0., 0.],
         [0., 0., 0.,  ..., 0., 0., 0.],
         [0., 0., 0.,  ..., 0., 0., 0.],
         ...,
         [0., 0., 0.,  ..., 0., 0., 0.],
         [0., 0., 0.,  ..., 0., 0., 0.],
         [0., 0., 0.,  ..., 0., 0., 0.]],

        [[0., 0., 0.,  ..., 0., 0., 0.],
         [0., 0., 0.,  ..., 0., 0., 0.],
         [0., 0., 0.,  ..., 0., 0., 0.],
         ...,
         [0., 0., 0.,  ..., 0., 0., 0.],
         [0., 0., 0.,  ..., 0., 0., 0.],
         [0., 0., 0.,  ..., 0., 0., 0.]],

        [[0., 0., 0.,  ..., 0., 0., 0.],
         [0., 0., 0.,  ..., 0., 0., 0.],
         [0., 0., 0.,  ..., 0., 0., 0.],
         ...,
         [0., 0., 0.,  ..., 0., 0., 0.],
         [0., 0., 0.,  ..., 0., 0., 0.],
         [0., 0., 0.,  ..., 0., 0., 0.]]])
Parameter containing:
tensor([[-0.0095, -0.1737, -0.0200,  ...,  0.0258,  0.0167,  0.0490],
        [-0.0222,  0.0247, -0.0112,  ..., -0.0323,  0.0019, -0.0036],
        [-0.0042,  0.0215, -0.0175,  ...,  0.0089,  0.0141, -0.0433],
        ...,
        [-0.0067,  0.0066,  0.0018,  ...,  0.0072, -0.0064, -0.0643],
        [ 0.0242, -0.0102,  0.0031,  ...,  0.2773, -0.0237, -0.0333],
        [-0.0077, -0.0960, -0.0182,  ..., -0.0250, -0.0062, -0.0212]],
       requires_grad=True)
torch.Size([24, 2835, 2835]) torch.Size([24, 2835, 50])
Exponential sum:  tensor(19074.5547)
torch.Size([24, 2835, 2835]) torch.Size([24, 2835, 50])
Exponential sum:  tensor(15078.7861)
tensor([[2.5113e-01, 2.5104e-01, 2.4798e-01, 2.4986e-01],
        [2.5000e-01, 2.5000e-01, 2.5000e-01, 2.5000e-01],
        [9.7555e-01, 6.8425e-03, 2.4854e-03, 1.5120e-02],
        ...,
        [2.3232e-10, 3.2672e-05, 9.9997e-01, 9.3737e-11],
        [9.8340e-01, 4.8790e-03, 1.7415e-03, 9.9840e-03],
        [2.5113e-01, 2.5104e-01, 2.4798e-01, 2.4986e-01]])
Parameter containing:
tensor([[-0.0095, -0.1737, -0.0200,  ...,  0.0258,  0.0167,  0.0490],
        [-0.0222,  0.0247, -0.0112,  ..., -0.0323,  0.0019, -0.0036],
        [-0.0042,  0.0215, -0.0175,  ...,  0.0089,  0.0141, -0.0433],
        ...,
        [-0.0067,  0.0066,  0.0018,  ...,  0.0072, -0.0064, -0.0643],
        [ 0.0242, -0.0102,  0.0031,  ...,  0.2773, -0.0237, -0.0333],
        [-0.0077, -0.0960, -0.0182,  ..., -0.0250, -0.0062, -0.0212]],
       requires_grad=True)
torch.Size([24, 2835, 2835]) torch.Size([24, 2835, 50])
Exponential sum:  tensor(19074.5547)
torch.Size([24, 2835, 2835]) torch.Size([24, 2835, 50])
Exponential sum:  tensor(15078.7861)
tensor([[2.5113e-01, 2.5104e-01, 2.4798e-01, 2.4986e-01],
        [2.5000e-01, 2.5000e-01, 2.5000e-01, 2.5000e-01],
        [9.7555e-01, 6.8425e-03, 2.4854e-03, 1.5120e-02],
        ...,
        [2.3232e-10, 3.2672e-05, 9.9997e-01, 9.3737e-11],
        [9.8340e-01, 4.8790e-03, 1.7415e-03, 9.9840e-03],
        [2.5113e-01, 2.5104e-01, 2.4798e-01, 2.4986e-01]])
tensor(indices=tensor([[1681],
                       [   0]]),
       values=tensor([1.]),
       size=(2835, 4), nnz=1, layout=torch.sparse_coo)
torch.Size([24, 2835, 2835]) torch.Size([24, 2835, 50])
torch.Size([24, 2835, 2835]) torch.Size([24, 2835, 50])
Parameter containing:
tensor([[-0.0095, -0.1737, -0.0200,  ...,  0.0258,  0.0167,  0.0490],
        [-0.0222,  0.0247, -0.0112,  ..., -0.0323,  0.0019, -0.0036],
        [-0.0042,  0.0215, -0.0175,  ...,  0.0089,  0.0141, -0.0433],
        ...,
        [-0.0067,  0.0066,  0.0018,  ...,  0.0072, -0.0064, -0.0643],
        [ 0.0242, -0.0102,  0.0031,  ...,  0.2773, -0.0237, -0.0333],
        [-0.0077, -0.0960, -0.0182,  ..., -0.0250, -0.0062, -0.0212]],
       requires_grad=True)
torch.Size([24, 2835, 2835]) torch.Size([24, 2835, 50])
Exponential sum:  tensor(19074.5547)
torch.Size([24, 2835, 2835]) torch.Size([24, 2835, 50])
Exponential sum:  tensor(15078.7861)
tensor([[2.5113e-01, 2.5104e-01, 2.4798e-01, 2.4986e-01],
        [2.5000e-01, 2.5000e-01, 2.5000e-01, 2.5000e-01],
        [9.7555e-01, 6.8425e-03, 2.4854e-03, 1.5120e-02],
        ...,
        [2.3232e-10, 3.2672e-05, 9.9997e-01, 9.3737e-11],
        [9.8340e-01, 4.8790e-03, 1.7415e-03, 9.9840e-03],
        [2.5113e-01, 2.5104e-01, 2.4798e-01, 2.4986e-01]])
tensor(indices=tensor([[1469],
                       [   2]]),
       values=tensor([1.]),
       size=(2835, 4), nnz=1, layout=torch.sparse_coo)
torch.Size([24, 2835, 2835]) torch.Size([24, 2835, 50])
torch.Size([24, 2835, 2835]) torch.Size([24, 2835, 50])
Parameter containing:
tensor([[-0.0095, -0.1737, -0.0200,  ...,  0.0258,  0.0167,  0.0490],
        [-0.0222,  0.0247, -0.0112,  ..., -0.0323,  0.0019, -0.0036],
        [-0.0042,  0.0215, -0.0175,  ...,  0.0089,  0.0141, -0.0433],
        ...,
        [-0.0067,  0.0066,  0.0018,  ...,  0.0072, -0.0064, -0.0643],
        [ 0.0242, -0.0102,  0.0031,  ...,  0.2773, -0.0237, -0.0333],
        [-0.0077, -0.0960, -0.0182,  ..., -0.0250, -0.0062, -0.0212]],
       requires_grad=True)
torch.Size([24, 2835, 2835]) torch.Size([24, 2835, 50])
Exponential sum:  tensor(19074.5547)
torch.Size([24, 2835, 2835]) torch.Size([24, 2835, 50])
Exponential sum:  tensor(15078.7861)
tensor([[2.5113e-01, 2.5104e-01, 2.4798e-01, 2.4986e-01],
        [2.5000e-01, 2.5000e-01, 2.5000e-01, 2.5000e-01],
        [9.7555e-01, 6.8425e-03, 2.4854e-03, 1.5120e-02],
        ...,
        [2.3232e-10, 3.2672e-05, 9.9997e-01, 9.3737e-11],
        [9.8340e-01, 4.8790e-03, 1.7415e-03, 9.9840e-03],
        [2.5113e-01, 2.5104e-01, 2.4798e-01, 2.4986e-01]])
tensor(indices=tensor([[474],
                       [  1]]),
       values=tensor([1.]),
       size=(2835, 4), nnz=1, layout=torch.sparse_coo)
torch.Size([24, 2835, 2835]) torch.Size([24, 2835, 50])
torch.Size([24, 2835, 2835]) torch.Size([24, 2835, 50])
Parameter containing:
tensor([[-0.0095, -0.1737, -0.0200,  ...,  0.0258,  0.0167,  0.0490],
        [-0.0222,  0.0247, -0.0112,  ..., -0.0323,  0.0019, -0.0036],
        [-0.0042,  0.0215, -0.0175,  ...,  0.0089,  0.0141, -0.0433],
        ...,
        [-0.0067,  0.0066,  0.0018,  ...,  0.0072, -0.0064, -0.0643],
        [ 0.0242, -0.0102,  0.0031,  ...,  0.2773, -0.0237, -0.0333],
        [-0.0077, -0.0960, -0.0182,  ..., -0.0250, -0.0062, -0.0212]],
       requires_grad=True)
torch.Size([24, 2835, 2835]) torch.Size([24, 2835, 50])
Exponential sum:  tensor(19074.5547)
torch.Size([24, 2835, 2835]) torch.Size([24, 2835, 50])
Exponential sum:  tensor(15078.7861)
tensor([[2.5113e-01, 2.5104e-01, 2.4798e-01, 2.4986e-01],
        [2.5000e-01, 2.5000e-01, 2.5000e-01, 2.5000e-01],
        [9.7555e-01, 6.8425e-03, 2.4854e-03, 1.5120e-02],
        ...,
        [2.3232e-10, 3.2672e-05, 9.9997e-01, 9.3737e-11],
        [9.8340e-01, 4.8790e-03, 1.7415e-03, 9.9840e-03],
        [2.5113e-01, 2.5104e-01, 2.4798e-01, 2.4986e-01]])
tensor(indices=tensor([[2583],
                       [   2]]),
       values=tensor([1.]),
       size=(2835, 4), nnz=1, layout=torch.sparse_coo)
torch.Size([24, 2835, 2835]) torch.Size([24, 2835, 50])
torch.Size([24, 2835, 2835]) torch.Size([24, 2835, 50])
Parameter containing:
tensor([[-0.0095, -0.1737, -0.0200,  ...,  0.0258,  0.0167,  0.0490],
        [-0.0222,  0.0247, -0.0112,  ..., -0.0323,  0.0019, -0.0036],
        [-0.0042,  0.0215, -0.0175,  ...,  0.0089,  0.0141, -0.0433],
        ...,
        [-0.0067,  0.0066,  0.0018,  ...,  0.0072, -0.0064, -0.0643],
        [ 0.0242, -0.0102,  0.0031,  ...,  0.2773, -0.0237, -0.0333],
        [-0.0077, -0.0960, -0.0182,  ..., -0.0250, -0.0062, -0.0212]],
       requires_grad=True)
torch.Size([24, 2835, 2835]) torch.Size([24, 2835, 50])
Exponential sum:  tensor(19074.5547)
torch.Size([24, 2835, 2835]) torch.Size([24, 2835, 50])
Exponential sum:  tensor(15078.7861)
tensor([[2.5113e-01, 2.5104e-01, 2.4798e-01, 2.4986e-01],
        [2.5000e-01, 2.5000e-01, 2.5000e-01, 2.5000e-01],
        [9.7555e-01, 6.8425e-03, 2.4854e-03, 1.5120e-02],
        ...,
        [2.3232e-10, 3.2672e-05, 9.9997e-01, 9.3737e-11],
        [9.8340e-01, 4.8790e-03, 1.7415e-03, 9.9840e-03],
        [2.5113e-01, 2.5104e-01, 2.4798e-01, 2.4986e-01]])
tensor(indices=tensor([[817],
                       [  0]]),
       values=tensor([1.]),
       size=(2835, 4), nnz=1, layout=torch.sparse_coo)
torch.Size([24, 2835, 2835]) torch.Size([24, 2835, 50])
torch.Size([24, 2835, 2835]) torch.Size([24, 2835, 50])
1
Parameter containing:
tensor([[-0.0095, -0.1737, -0.0200,  ...,  0.0258,  0.0167,  0.0490],
        [-0.0222,  0.0247, -0.0112,  ..., -0.0323,  0.0019, -0.0036],
        [-0.0042,  0.0215, -0.0175,  ...,  0.0089,  0.0141, -0.0433],
        ...,
        [-0.0067,  0.0066,  0.0018,  ...,  0.0072, -0.0064, -0.0643],
        [ 0.0242, -0.0102,  0.0031,  ...,  0.2773, -0.0237, -0.0333],
        [-0.0077, -0.0960, -0.0182,  ..., -0.0250, -0.0062, -0.0212]],
       requires_grad=True)
torch.Size([24, 2835, 2835]) torch.Size([24, 2835, 50])
Exponential sum:  tensor(19074.5547)
torch.Size([24, 2835, 2835]) torch.Size([24, 2835, 50])
Exponential sum:  tensor(15078.7861)
tensor([[2.5113e-01, 2.5104e-01, 2.4798e-01, 2.4986e-01],
        [2.5000e-01, 2.5000e-01, 2.5000e-01, 2.5000e-01],
        [9.7555e-01, 6.8425e-03, 2.4854e-03, 1.5120e-02],
        ...,
        [2.3232e-10, 3.2672e-05, 9.9997e-01, 9.3737e-11],
        [9.8340e-01, 4.8790e-03, 1.7415e-03, 9.9840e-03],
        [2.5113e-01, 2.5104e-01, 2.4798e-01, 2.4986e-01]])
tensor(indices=tensor([[2825],
                       [   2]]),
       values=tensor([1.]),
       size=(2835, 4), nnz=1, layout=torch.sparse_coo)
torch.Size([24, 2835, 2835]) torch.Size([24, 2835, 50])
torch.Size([24, 2835, 2835]) torch.Size([24, 2835, 50])
Parameter containing:
tensor([[-0.0095, -0.1737, -0.0200,  ...,  0.0258,  0.0167,  0.0490],
        [-0.0222,  0.0247, -0.0112,  ..., -0.0323,  0.0019, -0.0036],
        [-0.0042,  0.0215, -0.0175,  ...,  0.0089,  0.0141, -0.0433],
        ...,
        [-0.0067,  0.0066,  0.0018,  ...,  0.0072, -0.0064, -0.0643],
        [ 0.0242, -0.0102,  0.0031,  ...,  0.2773, -0.0237, -0.0333],
        [-0.0077, -0.0960, -0.0182,  ..., -0.0250, -0.0062, -0.0212]],
       requires_grad=True)
torch.Size([24, 2835, 2835]) torch.Size([24, 2835, 50])
Exponential sum:  tensor(19074.5547)
torch.Size([24, 2835, 2835]) torch.Size([24, 2835, 50])
Exponential sum:  tensor(15078.7861)
tensor([[2.5113e-01, 2.5104e-01, 2.4798e-01, 2.4986e-01],
        [2.5000e-01, 2.5000e-01, 2.5000e-01, 2.5000e-01],
        [9.7555e-01, 6.8425e-03, 2.4854e-03, 1.5120e-02],
        ...,
        [2.3232e-10, 3.2672e-05, 9.9997e-01, 9.3737e-11],
        [9.8340e-01, 4.8790e-03, 1.7415e-03, 9.9840e-03],
        [2.5113e-01, 2.5104e-01, 2.4798e-01, 2.4986e-01]])
tensor(indices=tensor([[1557],
                       [   0]]),
       values=tensor([1.]),
       size=(2835, 4), nnz=1, layout=torch.sparse_coo)
torch.Size([24, 2835, 2835]) torch.Size([24, 2835, 50])
torch.Size([24, 2835, 2835]) torch.Size([24, 2835, 50])
Parameter containing:
tensor([[-0.0095, -0.1737, -0.0200,  ...,  0.0258,  0.0167,  0.0490],
        [-0.0222,  0.0247, -0.0112,  ..., -0.0323,  0.0019, -0.0036],
        [-0.0042,  0.0215, -0.0175,  ...,  0.0089,  0.0141, -0.0433],
        ...,
        [-0.0067,  0.0066,  0.0018,  ...,  0.0072, -0.0064, -0.0643],
        [ 0.0242, -0.0102,  0.0031,  ...,  0.2773, -0.0237, -0.0333],
        [-0.0077, -0.0960, -0.0182,  ..., -0.0250, -0.0062, -0.0212]],
       requires_grad=True)
torch.Size([24, 2835, 2835]) torch.Size([24, 2835, 50])
Exponential sum:  tensor(19074.5547)
torch.Size([24, 2835, 2835]) torch.Size([24, 2835, 50])
Exponential sum:  tensor(15078.7861)
tensor([[2.5113e-01, 2.5104e-01, 2.4798e-01, 2.4986e-01],
        [2.5000e-01, 2.5000e-01, 2.5000e-01, 2.5000e-01],
        [9.7555e-01, 6.8425e-03, 2.4854e-03, 1.5120e-02],
        ...,
        [2.3232e-10, 3.2672e-05, 9.9997e-01, 9.3737e-11],
        [9.8340e-01, 4.8790e-03, 1.7415e-03, 9.9840e-03],
        [2.5113e-01, 2.5104e-01, 2.4798e-01, 2.4986e-01]])
tensor(indices=tensor([[1930],
                       [   0]]),
       values=tensor([1.]),
       size=(2835, 4), nnz=1, layout=torch.sparse_coo)
torch.Size([24, 2835, 2835]) torch.Size([24, 2835, 50])
torch.Size([24, 2835, 2835]) torch.Size([24, 2835, 50])
Parameter containing:
tensor([[-0.0095, -0.1737, -0.0200,  ...,  0.0258,  0.0167,  0.0490],
        [-0.0222,  0.0247, -0.0112,  ..., -0.0323,  0.0019, -0.0036],
        [-0.0042,  0.0215, -0.0175,  ...,  0.0089,  0.0141, -0.0433],
        ...,
        [-0.0067,  0.0066,  0.0018,  ...,  0.0072, -0.0064, -0.0643],
        [ 0.0242, -0.0102,  0.0031,  ...,  0.2773, -0.0237, -0.0333],
        [-0.0077, -0.0960, -0.0182,  ..., -0.0250, -0.0062, -0.0212]],
       requires_grad=True)
torch.Size([24, 2835, 2835]) torch.Size([24, 2835, 50])
Exponential sum:  tensor(19074.5547)
torch.Size([24, 2835, 2835]) torch.Size([24, 2835, 50])
Exponential sum:  tensor(15078.7861)
tensor([[2.5113e-01, 2.5104e-01, 2.4798e-01, 2.4986e-01],
        [2.5000e-01, 2.5000e-01, 2.5000e-01, 2.5000e-01],
        [9.7555e-01, 6.8425e-03, 2.4854e-03, 1.5120e-02],
        ...,
        [2.3232e-10, 3.2672e-05, 9.9997e-01, 9.3737e-11],
        [9.8340e-01, 4.8790e-03, 1.7415e-03, 9.9840e-03],
        [2.5113e-01, 2.5104e-01, 2.4798e-01, 2.4986e-01]])
tensor(indices=tensor([[310],
                       [  0]]),
       values=tensor([1.]),
       size=(2835, 4), nnz=1, layout=torch.sparse_coo)
torch.Size([24, 2835, 2835]) torch.Size([24, 2835, 50])
torch.Size([24, 2835, 2835]) torch.Size([24, 2835, 50])
1
Parameter containing:
tensor([[-0.0095, -0.1737, -0.0200,  ...,  0.0258,  0.0167,  0.0490],
        [-0.0222,  0.0247, -0.0112,  ..., -0.0323,  0.0019, -0.0036],
        [-0.0042,  0.0215, -0.0175,  ...,  0.0089,  0.0141, -0.0433],
        ...,
        [-0.0067,  0.0066,  0.0018,  ...,  0.0072, -0.0064, -0.0643],
        [ 0.0242, -0.0102,  0.0031,  ...,  0.2773, -0.0237, -0.0333],
        [-0.0077, -0.0960, -0.0182,  ..., -0.0250, -0.0062, -0.0212]],
       requires_grad=True)
torch.Size([24, 2835, 2835]) torch.Size([24, 2835, 50])
Exponential sum:  tensor(19074.5547)
torch.Size([24, 2835, 2835]) torch.Size([24, 2835, 50])
Exponential sum:  tensor(15078.7861)
tensor([[2.5113e-01, 2.5104e-01, 2.4798e-01, 2.4986e-01],
        [2.5000e-01, 2.5000e-01, 2.5000e-01, 2.5000e-01],
        [9.7555e-01, 6.8425e-03, 2.4854e-03, 1.5120e-02],
        ...,
        [2.3232e-10, 3.2672e-05, 9.9997e-01, 9.3737e-11],
        [9.8340e-01, 4.8790e-03, 1.7415e-03, 9.9840e-03],
        [2.5113e-01, 2.5104e-01, 2.4798e-01, 2.4986e-01]])
tensor(indices=tensor([[1234],
                       [   0]]),
       values=tensor([1.]),
       size=(2835, 4), nnz=1, layout=torch.sparse_coo)
torch.Size([24, 2835, 2835]) torch.Size([24, 2835, 50])
torch.Size([24, 2835, 2835]) torch.Size([24, 2835, 50])
Parameter containing:
tensor([[-0.0095, -0.1737, -0.0200,  ...,  0.0258,  0.0167,  0.0490],
        [-0.0222,  0.0247, -0.0112,  ..., -0.0323,  0.0019, -0.0036],
        [-0.0042,  0.0215, -0.0175,  ...,  0.0089,  0.0141, -0.0433],
        ...,
        [-0.0067,  0.0066,  0.0018,  ...,  0.0072, -0.0064, -0.0643],
        [ 0.0242, -0.0102,  0.0031,  ...,  0.2773, -0.0237, -0.0333],
        [-0.0077, -0.0960, -0.0182,  ..., -0.0250, -0.0062, -0.0212]],
       requires_grad=True)
torch.Size([24, 2835, 2835]) torch.Size([24, 2835, 50])
Exponential sum:  tensor(19074.5547)
torch.Size([24, 2835, 2835]) torch.Size([24, 2835, 50])
Exponential sum:  tensor(15078.7861)
tensor([[2.5113e-01, 2.5104e-01, 2.4798e-01, 2.4986e-01],
        [2.5000e-01, 2.5000e-01, 2.5000e-01, 2.5000e-01],
        [9.7555e-01, 6.8425e-03, 2.4854e-03, 1.5120e-02],
        ...,
        [2.3232e-10, 3.2672e-05, 9.9997e-01, 9.3737e-11],
        [9.8340e-01, 4.8790e-03, 1.7415e-03, 9.9840e-03],
        [2.5113e-01, 2.5104e-01, 2.4798e-01, 2.4986e-01]])
tensor(indices=tensor([[357],
                       [  0]]),
       values=tensor([1.]),
       size=(2835, 4), nnz=1, layout=torch.sparse_coo)
torch.Size([24, 2835, 2835]) torch.Size([24, 2835, 50])
torch.Size([24, 2835, 2835]) torch.Size([24, 2835, 50])
Parameter containing:
tensor([[-0.0095, -0.1737, -0.0200,  ...,  0.0258,  0.0167,  0.0490],
        [-0.0222,  0.0247, -0.0112,  ..., -0.0323,  0.0019, -0.0036],
        [-0.0042,  0.0215, -0.0175,  ...,  0.0089,  0.0141, -0.0433],
        ...,
        [-0.0067,  0.0066,  0.0018,  ...,  0.0072, -0.0064, -0.0643],
        [ 0.0242, -0.0102,  0.0031,  ...,  0.2773, -0.0237, -0.0333],
        [-0.0077, -0.0960, -0.0182,  ..., -0.0250, -0.0062, -0.0212]],
       requires_grad=True)
torch.Size([24, 2835, 2835]) torch.Size([24, 2835, 50])
Exponential sum:  tensor(19074.5547)
torch.Size([24, 2835, 2835]) torch.Size([24, 2835, 50])
Exponential sum:  tensor(15078.7861)
tensor([[2.5113e-01, 2.5104e-01, 2.4798e-01, 2.4986e-01],
        [2.5000e-01, 2.5000e-01, 2.5000e-01, 2.5000e-01],
        [9.7555e-01, 6.8425e-03, 2.4854e-03, 1.5120e-02],
        ...,
        [2.3232e-10, 3.2672e-05, 9.9997e-01, 9.3737e-11],
        [9.8340e-01, 4.8790e-03, 1.7415e-03, 9.9840e-03],
        [2.5113e-01, 2.5104e-01, 2.4798e-01, 2.4986e-01]])
tensor(indices=tensor([[1306],
                       [   0]]),
       values=tensor([1.]),
       size=(2835, 4), nnz=1, layout=torch.sparse_coo)
torch.Size([24, 2835, 2835]) torch.Size([24, 2835, 50])
torch.Size([24, 2835, 2835]) torch.Size([24, 2835, 50])
2
2
Parameter containing:
tensor([[-0.0095, -0.1737, -0.0200,  ...,  0.0258,  0.0167,  0.0490],
        [-0.0222,  0.0247, -0.0112,  ..., -0.0323,  0.0019, -0.0036],
        [-0.0042,  0.0215, -0.0175,  ...,  0.0089,  0.0141, -0.0433],
        ...,
        [-0.0067,  0.0066,  0.0018,  ...,  0.0072, -0.0064, -0.0643],
        [ 0.0242, -0.0102,  0.0031,  ...,  0.2773, -0.0237, -0.0333],
        [-0.0077, -0.0960, -0.0182,  ..., -0.0250, -0.0062, -0.0212]],
       requires_grad=True)
torch.Size([24, 2835, 2835]) torch.Size([24, 2835, 50])
Exponential sum:  tensor(19074.5547)
torch.Size([24, 2835, 2835]) torch.Size([24, 2835, 50])
Exponential sum:  tensor(15078.7861)
tensor([[2.5113e-01, 2.5104e-01, 2.4798e-01, 2.4986e-01],
        [2.5000e-01, 2.5000e-01, 2.5000e-01, 2.5000e-01],
        [9.7555e-01, 6.8425e-03, 2.4854e-03, 1.5120e-02],
        ...,
        [2.3232e-10, 3.2672e-05, 9.9997e-01, 9.3737e-11],
        [9.8340e-01, 4.8790e-03, 1.7415e-03, 9.9840e-03],
        [2.5113e-01, 2.5104e-01, 2.4798e-01, 2.4986e-01]])
tensor(indices=tensor([[64],
                       [ 0]]),
       values=tensor([1.]),
       size=(2835, 4), nnz=1, layout=torch.sparse_coo)
torch.Size([24, 2835, 2835]) torch.Size([24, 2835, 50])
torch.Size([24, 2835, 2835]) torch.Size([24, 2835, 50])
3
Parameter containing:
tensor([[-0.0095, -0.1737, -0.0200,  ...,  0.0258,  0.0167,  0.0490],
        [-0.0222,  0.0247, -0.0112,  ..., -0.0323,  0.0019, -0.0036],
        [-0.0042,  0.0215, -0.0175,  ...,  0.0089,  0.0141, -0.0433],
        ...,
        [-0.0067,  0.0066,  0.0018,  ...,  0.0072, -0.0064, -0.0643],
        [ 0.0242, -0.0102,  0.0031,  ...,  0.2773, -0.0237, -0.0333],
        [-0.0077, -0.0960, -0.0182,  ..., -0.0250, -0.0062, -0.0212]],
       requires_grad=True)
torch.Size([24, 2835, 2835]) torch.Size([24, 2835, 50])
Exponential sum:  tensor(19074.5547)
torch.Size([24, 2835, 2835]) torch.Size([24, 2835, 50])
Exponential sum:  tensor(15078.7861)
tensor([[2.5113e-01, 2.5104e-01, 2.4798e-01, 2.4986e-01],
        [2.5000e-01, 2.5000e-01, 2.5000e-01, 2.5000e-01],
        [9.7555e-01, 6.8425e-03, 2.4854e-03, 1.5120e-02],
        ...,
        [2.3232e-10, 3.2672e-05, 9.9997e-01, 9.3737e-11],
        [9.8340e-01, 4.8790e-03, 1.7415e-03, 9.9840e-03],
        [2.5113e-01, 2.5104e-01, 2.4798e-01, 2.4986e-01]])
tensor(indices=tensor([[2341],
                       [   0]]),
       values=tensor([1.]),
       size=(2835, 4), nnz=1, layout=torch.sparse_coo)
torch.Size([24, 2835, 2835]) torch.Size([24, 2835, 50])
torch.Size([24, 2835, 2835]) torch.Size([24, 2835, 50])
Parameter containing:
tensor([[-0.0095, -0.1737, -0.0200,  ...,  0.0258,  0.0167,  0.0490],
        [-0.0222,  0.0247, -0.0112,  ..., -0.0323,  0.0019, -0.0036],
        [-0.0042,  0.0215, -0.0175,  ...,  0.0089,  0.0141, -0.0433],
        ...,
        [-0.0067,  0.0066,  0.0018,  ...,  0.0072, -0.0064, -0.0643],
        [ 0.0242, -0.0102,  0.0031,  ...,  0.2773, -0.0237, -0.0333],
        [-0.0077, -0.0960, -0.0182,  ..., -0.0250, -0.0062, -0.0212]],
       requires_grad=True)
torch.Size([24, 2835, 2835]) torch.Size([24, 2835, 50])
Exponential sum:  tensor(19074.5547)
torch.Size([24, 2835, 2835]) torch.Size([24, 2835, 50])
Exponential sum:  tensor(15078.7861)
tensor([[2.5113e-01, 2.5104e-01, 2.4798e-01, 2.4986e-01],
        [2.5000e-01, 2.5000e-01, 2.5000e-01, 2.5000e-01],
        [9.7555e-01, 6.8425e-03, 2.4854e-03, 1.5120e-02],
        ...,
        [2.3232e-10, 3.2672e-05, 9.9997e-01, 9.3737e-11],
        [9.8340e-01, 4.8790e-03, 1.7415e-03, 9.9840e-03],
        [2.5113e-01, 2.5104e-01, 2.4798e-01, 2.4986e-01]])
tensor(indices=tensor([[2266],
                       [   0]]),
       values=tensor([1.]),
       size=(2835, 4), nnz=1, layout=torch.sparse_coo)
torch.Size([24, 2835, 2835]) torch.Size([24, 2835, 50])
torch.Size([24, 2835, 2835]) torch.Size([24, 2835, 50])
3
Parameter containing:
tensor([[-0.0095, -0.1737, -0.0200,  ...,  0.0258,  0.0167,  0.0490],
        [-0.0222,  0.0247, -0.0112,  ..., -0.0323,  0.0019, -0.0036],
        [-0.0042,  0.0215, -0.0175,  ...,  0.0089,  0.0141, -0.0433],
        ...,
        [-0.0067,  0.0066,  0.0018,  ...,  0.0072, -0.0064, -0.0643],
        [ 0.0242, -0.0102,  0.0031,  ...,  0.2773, -0.0237, -0.0333],
        [-0.0077, -0.0960, -0.0182,  ..., -0.0250, -0.0062, -0.0212]],
       requires_grad=True)
torch.Size([24, 2835, 2835]) torch.Size([24, 2835, 50])
Exponential sum:  tensor(19074.5547)
torch.Size([24, 2835, 2835]) torch.Size([24, 2835, 50])
Exponential sum:  tensor(15078.7861)
tensor([[2.5113e-01, 2.5104e-01, 2.4798e-01, 2.4986e-01],
        [2.5000e-01, 2.5000e-01, 2.5000e-01, 2.5000e-01],
        [9.7555e-01, 6.8425e-03, 2.4854e-03, 1.5120e-02],
        ...,
        [2.3232e-10, 3.2672e-05, 9.9997e-01, 9.3737e-11],
        [9.8340e-01, 4.8790e-03, 1.7415e-03, 9.9840e-03],
        [2.5113e-01, 2.5104e-01, 2.4798e-01, 2.4986e-01]])
tensor(indices=tensor([[2559],
                       [   0]]),
       values=tensor([1.]),
       size=(2835, 4), nnz=1, layout=torch.sparse_coo)
torch.Size([24, 2835, 2835]) torch.Size([24, 2835, 50])
torch.Size([24, 2835, 2835]) torch.Size([24, 2835, 50])
Parameter containing:
tensor([[-0.0095, -0.1737, -0.0200,  ...,  0.0258,  0.0167,  0.0490],
        [-0.0222,  0.0247, -0.0112,  ..., -0.0323,  0.0019, -0.0036],
        [-0.0042,  0.0215, -0.0175,  ...,  0.0089,  0.0141, -0.0433],
        ...,
        [-0.0067,  0.0066,  0.0018,  ...,  0.0072, -0.0064, -0.0643],
        [ 0.0242, -0.0102,  0.0031,  ...,  0.2773, -0.0237, -0.0333],
        [-0.0077, -0.0960, -0.0182,  ..., -0.0250, -0.0062, -0.0212]],
       requires_grad=True)
torch.Size([24, 2835, 2835]) torch.Size([24, 2835, 50])
Exponential sum:  tensor(19074.5547)
torch.Size([24, 2835, 2835]) torch.Size([24, 2835, 50])
Exponential sum:  tensor(15078.7861)
tensor([[2.5113e-01, 2.5104e-01, 2.4798e-01, 2.4986e-01],
        [2.5000e-01, 2.5000e-01, 2.5000e-01, 2.5000e-01],
        [9.7555e-01, 6.8425e-03, 2.4854e-03, 1.5120e-02],
        ...,
        [2.3232e-10, 3.2672e-05, 9.9997e-01, 9.3737e-11],
        [9.8340e-01, 4.8790e-03, 1.7415e-03, 9.9840e-03],
        [2.5113e-01, 2.5104e-01, 2.4798e-01, 2.4986e-01]])
tensor(indices=tensor([[818],
                       [  2]]),
       values=tensor([1.]),
       size=(2835, 4), nnz=1, layout=torch.sparse_coo)
torch.Size([24, 2835, 2835]) torch.Size([24, 2835, 50])
torch.Size([24, 2835, 2835]) torch.Size([24, 2835, 50])
4
Parameter containing:
tensor([[-0.0095, -0.1737, -0.0200,  ...,  0.0258,  0.0167,  0.0490],
        [-0.0222,  0.0247, -0.0112,  ..., -0.0323,  0.0019, -0.0036],
        [-0.0042,  0.0215, -0.0175,  ...,  0.0089,  0.0141, -0.0433],
        ...,
        [-0.0067,  0.0066,  0.0018,  ...,  0.0072, -0.0064, -0.0643],
        [ 0.0242, -0.0102,  0.0031,  ...,  0.2773, -0.0237, -0.0333],
        [-0.0077, -0.0960, -0.0182,  ..., -0.0250, -0.0062, -0.0212]],
       requires_grad=True)
torch.Size([24, 2835, 2835]) torch.Size([24, 2835, 50])
Exponential sum:  tensor(19074.5547)
torch.Size([24, 2835, 2835]) torch.Size([24, 2835, 50])
Exponential sum:  tensor(15078.7861)
tensor([[2.5113e-01, 2.5104e-01, 2.4798e-01, 2.4986e-01],
        [2.5000e-01, 2.5000e-01, 2.5000e-01, 2.5000e-01],
        [9.7555e-01, 6.8425e-03, 2.4854e-03, 1.5120e-02],
        ...,
        [2.3232e-10, 3.2672e-05, 9.9997e-01, 9.3737e-11],
        [9.8340e-01, 4.8790e-03, 1.7415e-03, 9.9840e-03],
        [2.5113e-01, 2.5104e-01, 2.4798e-01, 2.4986e-01]])
tensor(indices=tensor([[2486],
                       [   1]]),
       values=tensor([1.]),
       size=(2835, 4), nnz=1, layout=torch.sparse_coo)
torch.Size([24, 2835, 2835]) torch.Size([24, 2835, 50])
torch.Size([24, 2835, 2835]) torch.Size([24, 2835, 50])
4
5
Parameter containing:
tensor([[-0.0095, -0.1737, -0.0200,  ...,  0.0258,  0.0167,  0.0490],
        [-0.0222,  0.0247, -0.0112,  ..., -0.0323,  0.0019, -0.0036],
        [-0.0042,  0.0215, -0.0175,  ...,  0.0089,  0.0141, -0.0433],
        ...,
        [-0.0067,  0.0066,  0.0018,  ...,  0.0072, -0.0064, -0.0643],
        [ 0.0242, -0.0102,  0.0031,  ...,  0.2773, -0.0237, -0.0333],
        [-0.0077, -0.0960, -0.0182,  ..., -0.0250, -0.0062, -0.0212]],
       requires_grad=True)
torch.Size([24, 2835, 2835]) torch.Size([24, 2835, 50])
Exponential sum:  tensor(19074.5547)
torch.Size([24, 2835, 2835]) torch.Size([24, 2835, 50])
Exponential sum:  tensor(15078.7861)
tensor([[2.5113e-01, 2.5104e-01, 2.4798e-01, 2.4986e-01],
        [2.5000e-01, 2.5000e-01, 2.5000e-01, 2.5000e-01],
        [9.7555e-01, 6.8425e-03, 2.4854e-03, 1.5120e-02],
        ...,
        [2.3232e-10, 3.2672e-05, 9.9997e-01, 9.3737e-11],
        [9.8340e-01, 4.8790e-03, 1.7415e-03, 9.9840e-03],
        [2.5113e-01, 2.5104e-01, 2.4798e-01, 2.4986e-01]])
tensor(indices=tensor([[219],
                       [  0]]),
       values=tensor([1.]),
       size=(2835, 4), nnz=1, layout=torch.sparse_coo)
torch.Size([24, 2835, 2835]) torch.Size([24, 2835, 50])
torch.Size([24, 2835, 2835]) torch.Size([24, 2835, 50])
5
Parameter containing:
tensor([[-0.0095, -0.1737, -0.0200,  ...,  0.0258,  0.0167,  0.0490],
        [-0.0222,  0.0247, -0.0112,  ..., -0.0323,  0.0019, -0.0036],
        [-0.0042,  0.0215, -0.0175,  ...,  0.0089,  0.0141, -0.0433],
        ...,
        [-0.0067,  0.0066,  0.0018,  ...,  0.0072, -0.0064, -0.0643],
        [ 0.0242, -0.0102,  0.0031,  ...,  0.2773, -0.0237, -0.0333],
        [-0.0077, -0.0960, -0.0182,  ..., -0.0250, -0.0062, -0.0212]],
       requires_grad=True)
torch.Size([24, 2835, 2835]) torch.Size([24, 2835, 50])
Exponential sum:  tensor(19074.5547)
torch.Size([24, 2835, 2835]) torch.Size([24, 2835, 50])
Exponential sum:  tensor(15078.7861)
tensor([[2.5113e-01, 2.5104e-01, 2.4798e-01, 2.4986e-01],
        [2.5000e-01, 2.5000e-01, 2.5000e-01, 2.5000e-01],
        [9.7555e-01, 6.8425e-03, 2.4854e-03, 1.5120e-02],
        ...,
        [2.3232e-10, 3.2672e-05, 9.9997e-01, 9.3737e-11],
        [9.8340e-01, 4.8790e-03, 1.7415e-03, 9.9840e-03],
        [2.5113e-01, 2.5104e-01, 2.4798e-01, 2.4986e-01]])
tensor(indices=tensor([[2192],
                       [   2]]),
       values=tensor([1.]),
       size=(2835, 4), nnz=1, layout=torch.sparse_coo)
torch.Size([24, 2835, 2835]) torch.Size([24, 2835, 50])
torch.Size([24, 2835, 2835]) torch.Size([24, 2835, 50])
6
Parameter containing:
tensor([[-0.0095, -0.1737, -0.0200,  ...,  0.0258,  0.0167,  0.0490],
        [-0.0222,  0.0247, -0.0112,  ..., -0.0323,  0.0019, -0.0036],
        [-0.0042,  0.0215, -0.0175,  ...,  0.0089,  0.0141, -0.0433],
        ...,
        [-0.0067,  0.0066,  0.0018,  ...,  0.0072, -0.0064, -0.0643],
        [ 0.0242, -0.0102,  0.0031,  ...,  0.2773, -0.0237, -0.0333],
        [-0.0077, -0.0960, -0.0182,  ..., -0.0250, -0.0062, -0.0212]],
       requires_grad=True)
torch.Size([24, 2835, 2835]) torch.Size([24, 2835, 50])
Exponential sum:  tensor(19074.5547)
torch.Size([24, 2835, 2835]) torch.Size([24, 2835, 50])
Exponential sum:  tensor(15078.7861)
tensor([[2.5113e-01, 2.5104e-01, 2.4798e-01, 2.4986e-01],
        [2.5000e-01, 2.5000e-01, 2.5000e-01, 2.5000e-01],
        [9.7555e-01, 6.8425e-03, 2.4854e-03, 1.5120e-02],
        ...,
        [2.3232e-10, 3.2672e-05, 9.9997e-01, 9.3737e-11],
        [9.8340e-01, 4.8790e-03, 1.7415e-03, 9.9840e-03],
        [2.5113e-01, 2.5104e-01, 2.4798e-01, 2.4986e-01]])
tensor(indices=tensor([[2424],
                       [   2]]),
       values=tensor([1.]),
       size=(2835, 4), nnz=1, layout=torch.sparse_coo)
torch.Size([24, 2835, 2835]) torch.Size([24, 2835, 50])
torch.Size([24, 2835, 2835]) torch.Size([24, 2835, 50])
Parameter containing:
tensor([[-0.0095, -0.1737, -0.0200,  ...,  0.0258,  0.0167,  0.0490],
        [-0.0222,  0.0247, -0.0112,  ..., -0.0323,  0.0019, -0.0036],
        [-0.0042,  0.0215, -0.0175,  ...,  0.0089,  0.0141, -0.0433],
        ...,
        [-0.0067,  0.0066,  0.0018,  ...,  0.0072, -0.0064, -0.0643],
        [ 0.0242, -0.0102,  0.0031,  ...,  0.2773, -0.0237, -0.0333],
        [-0.0077, -0.0960, -0.0182,  ..., -0.0250, -0.0062, -0.0212]],
       requires_grad=True)
torch.Size([24, 2835, 2835]) torch.Size([24, 2835, 50])
Exponential sum:  tensor(19074.5547)
torch.Size([24, 2835, 2835]) torch.Size([24, 2835, 50])
Exponential sum:  tensor(15078.7861)
tensor([[2.5113e-01, 2.5104e-01, 2.4798e-01, 2.4986e-01],
        [2.5000e-01, 2.5000e-01, 2.5000e-01, 2.5000e-01],
        [9.7555e-01, 6.8425e-03, 2.4854e-03, 1.5120e-02],
        ...,
        [2.3232e-10, 3.2672e-05, 9.9997e-01, 9.3737e-11],
        [9.8340e-01, 4.8790e-03, 1.7415e-03, 9.9840e-03],
        [2.5113e-01, 2.5104e-01, 2.4798e-01, 2.4986e-01]])
tensor(indices=tensor([[2498],
                       [   0]]),
       values=tensor([1.]),
       size=(2835, 4), nnz=1, layout=torch.sparse_coo)
torch.Size([24, 2835, 2835]) torch.Size([24, 2835, 50])
torch.Size([24, 2835, 2835]) torch.Size([24, 2835, 50])
6
7
Parameter containing:
tensor([[-0.0095, -0.1737, -0.0200,  ...,  0.0258,  0.0167,  0.0490],
        [-0.0222,  0.0247, -0.0112,  ..., -0.0323,  0.0019, -0.0036],
        [-0.0042,  0.0215, -0.0175,  ...,  0.0089,  0.0141, -0.0433],
        ...,
        [-0.0067,  0.0066,  0.0018,  ...,  0.0072, -0.0064, -0.0643],
        [ 0.0242, -0.0102,  0.0031,  ...,  0.2773, -0.0237, -0.0333],
        [-0.0077, -0.0960, -0.0182,  ..., -0.0250, -0.0062, -0.0212]],
       requires_grad=True)
torch.Size([24, 2835, 2835]) torch.Size([24, 2835, 50])
Exponential sum:  tensor(19074.5547)
torch.Size([24, 2835, 2835]) torch.Size([24, 2835, 50])
Exponential sum:  tensor(15078.7861)
tensor([[2.5113e-01, 2.5104e-01, 2.4798e-01, 2.4986e-01],
        [2.5000e-01, 2.5000e-01, 2.5000e-01, 2.5000e-01],
        [9.7555e-01, 6.8425e-03, 2.4854e-03, 1.5120e-02],
        ...,
        [2.3232e-10, 3.2672e-05, 9.9997e-01, 9.3737e-11],
        [9.8340e-01, 4.8790e-03, 1.7415e-03, 9.9840e-03],
        [2.5113e-01, 2.5104e-01, 2.4798e-01, 2.4986e-01]])
tensor(indices=tensor([[2030],
                       [   2]]),
       values=tensor([1.]),
       size=(2835, 4), nnz=1, layout=torch.sparse_coo)
torch.Size([24, 2835, 2835]) torch.Size([24, 2835, 50])
torch.Size([24, 2835, 2835]) torch.Size([24, 2835, 50])
Parameter containing:
tensor([[-0.0095, -0.1737, -0.0200,  ...,  0.0258,  0.0167,  0.0490],
        [-0.0222,  0.0247, -0.0112,  ..., -0.0323,  0.0019, -0.0036],
        [-0.0042,  0.0215, -0.0175,  ...,  0.0089,  0.0141, -0.0433],
        ...,
        [-0.0067,  0.0066,  0.0018,  ...,  0.0072, -0.0064, -0.0643],
        [ 0.0242, -0.0102,  0.0031,  ...,  0.2773, -0.0237, -0.0333],
        [-0.0077, -0.0960, -0.0182,  ..., -0.0250, -0.0062, -0.0212]],
       requires_grad=True)
torch.Size([24, 2835, 2835]) torch.Size([24, 2835, 50])
Exponential sum:  tensor(19074.5547)
torch.Size([24, 2835, 2835]) torch.Size([24, 2835, 50])
Exponential sum:  tensor(15078.7861)
tensor([[2.5113e-01, 2.5104e-01, 2.4798e-01, 2.4986e-01],
        [2.5000e-01, 2.5000e-01, 2.5000e-01, 2.5000e-01],
        [9.7555e-01, 6.8425e-03, 2.4854e-03, 1.5120e-02],
        ...,
        [2.3232e-10, 3.2672e-05, 9.9997e-01, 9.3737e-11],
        [9.8340e-01, 4.8790e-03, 1.7415e-03, 9.9840e-03],
        [2.5113e-01, 2.5104e-01, 2.4798e-01, 2.4986e-01]])
tensor(indices=tensor([[306],
                       [  2]]),
       values=tensor([1.]),
       size=(2835, 4), nnz=1, layout=torch.sparse_coo)
torch.Size([24, 2835, 2835]) torch.Size([24, 2835, 50])
torch.Size([24, 2835, 2835]) torch.Size([24, 2835, 50])
8
Parameter containing:
tensor([[-0.0095, -0.1737, -0.0200,  ...,  0.0258,  0.0167,  0.0490],
        [-0.0222,  0.0247, -0.0112,  ..., -0.0323,  0.0019, -0.0036],
        [-0.0042,  0.0215, -0.0175,  ...,  0.0089,  0.0141, -0.0433],
        ...,
        [-0.0067,  0.0066,  0.0018,  ...,  0.0072, -0.0064, -0.0643],
        [ 0.0242, -0.0102,  0.0031,  ...,  0.2773, -0.0237, -0.0333],
        [-0.0077, -0.0960, -0.0182,  ..., -0.0250, -0.0062, -0.0212]],
       requires_grad=True)
torch.Size([24, 2835, 2835]) torch.Size([24, 2835, 50])
Exponential sum:  tensor(19074.5547)
torch.Size([24, 2835, 2835]) torch.Size([24, 2835, 50])
Exponential sum:  tensor(15078.7861)
tensor([[2.5113e-01, 2.5104e-01, 2.4798e-01, 2.4986e-01],
        [2.5000e-01, 2.5000e-01, 2.5000e-01, 2.5000e-01],
        [9.7555e-01, 6.8425e-03, 2.4854e-03, 1.5120e-02],
        ...,
        [2.3232e-10, 3.2672e-05, 9.9997e-01, 9.3737e-11],
        [9.8340e-01, 4.8790e-03, 1.7415e-03, 9.9840e-03],
        [2.5113e-01, 2.5104e-01, 2.4798e-01, 2.4986e-01]])
tensor(indices=tensor([[1728],
                       [   0]]),
       values=tensor([1.]),
       size=(2835, 4), nnz=1, layout=torch.sparse_coo)
torch.Size([24, 2835, 2835]) torch.Size([24, 2835, 50])
torch.Size([24, 2835, 2835]) torch.Size([24, 2835, 50])
Parameter containing:
tensor([[-0.0095, -0.1737, -0.0200,  ...,  0.0258,  0.0167,  0.0490],
        [-0.0222,  0.0247, -0.0112,  ..., -0.0323,  0.0019, -0.0036],
        [-0.0042,  0.0215, -0.0175,  ...,  0.0089,  0.0141, -0.0433],
        ...,
        [-0.0067,  0.0066,  0.0018,  ...,  0.0072, -0.0064, -0.0643],
        [ 0.0242, -0.0102,  0.0031,  ...,  0.2773, -0.0237, -0.0333],
        [-0.0077, -0.0960, -0.0182,  ..., -0.0250, -0.0062, -0.0212]],
       requires_grad=True)
torch.Size([24, 2835, 2835]) torch.Size([24, 2835, 50])
Exponential sum:  tensor(19074.5547)
torch.Size([24, 2835, 2835]) torch.Size([24, 2835, 50])
Exponential sum:  tensor(15078.7861)
tensor([[2.5113e-01, 2.5104e-01, 2.4798e-01, 2.4986e-01],
        [2.5000e-01, 2.5000e-01, 2.5000e-01, 2.5000e-01],
        [9.7555e-01, 6.8425e-03, 2.4854e-03, 1.5120e-02],
        ...,
        [2.3232e-10, 3.2672e-05, 9.9997e-01, 9.3737e-11],
        [9.8340e-01, 4.8790e-03, 1.7415e-03, 9.9840e-03],
        [2.5113e-01, 2.5104e-01, 2.4798e-01, 2.4986e-01]])
tensor(indices=tensor([[138],
                       [  1]]),
       values=tensor([1.]),
       size=(2835, 4), nnz=1, layout=torch.sparse_coo)
torch.Size([24, 2835, 2835]) torch.Size([24, 2835, 50])
torch.Size([24, 2835, 2835]) torch.Size([24, 2835, 50])
7
9
Parameter containing:
tensor([[-0.0095, -0.1737, -0.0200,  ...,  0.0258,  0.0167,  0.0490],
        [-0.0222,  0.0247, -0.0112,  ..., -0.0323,  0.0019, -0.0036],
        [-0.0042,  0.0215, -0.0175,  ...,  0.0089,  0.0141, -0.0433],
        ...,
        [-0.0067,  0.0066,  0.0018,  ...,  0.0072, -0.0064, -0.0643],
        [ 0.0242, -0.0102,  0.0031,  ...,  0.2773, -0.0237, -0.0333],
        [-0.0077, -0.0960, -0.0182,  ..., -0.0250, -0.0062, -0.0212]],
       requires_grad=True)
torch.Size([24, 2835, 2835]) torch.Size([24, 2835, 50])
Exponential sum:  tensor(19074.5547)
torch.Size([24, 2835, 2835]) torch.Size([24, 2835, 50])
Exponential sum:  tensor(15078.7861)
tensor([[2.5113e-01, 2.5104e-01, 2.4798e-01, 2.4986e-01],
        [2.5000e-01, 2.5000e-01, 2.5000e-01, 2.5000e-01],
        [9.7555e-01, 6.8425e-03, 2.4854e-03, 1.5120e-02],
        ...,
        [2.3232e-10, 3.2672e-05, 9.9997e-01, 9.3737e-11],
        [9.8340e-01, 4.8790e-03, 1.7415e-03, 9.9840e-03],
        [2.5113e-01, 2.5104e-01, 2.4798e-01, 2.4986e-01]])
tensor(indices=tensor([[202],
                       [  2]]),
       values=tensor([1.]),
       size=(2835, 4), nnz=1, layout=torch.sparse_coo)
torch.Size([24, 2835, 2835]) torch.Size([24, 2835, 50])
torch.Size([24, 2835, 2835]) torch.Size([24, 2835, 50])
10
Parameter containing:
tensor([[-0.0095, -0.1737, -0.0200,  ...,  0.0258,  0.0167,  0.0490],
        [-0.0222,  0.0247, -0.0112,  ..., -0.0323,  0.0019, -0.0036],
        [-0.0042,  0.0215, -0.0175,  ...,  0.0089,  0.0141, -0.0433],
        ...,
        [-0.0067,  0.0066,  0.0018,  ...,  0.0072, -0.0064, -0.0643],
        [ 0.0242, -0.0102,  0.0031,  ...,  0.2773, -0.0237, -0.0333],
        [-0.0077, -0.0960, -0.0182,  ..., -0.0250, -0.0062, -0.0212]],
       requires_grad=True)
torch.Size([24, 2835, 2835]) torch.Size([24, 2835, 50])
Exponential sum:  tensor(19074.5547)
torch.Size([24, 2835, 2835]) torch.Size([24, 2835, 50])
Exponential sum:  tensor(15078.7861)
tensor([[2.5113e-01, 2.5104e-01, 2.4798e-01, 2.4986e-01],
        [2.5000e-01, 2.5000e-01, 2.5000e-01, 2.5000e-01],
        [9.7555e-01, 6.8425e-03, 2.4854e-03, 1.5120e-02],
        ...,
        [2.3232e-10, 3.2672e-05, 9.9997e-01, 9.3737e-11],
        [9.8340e-01, 4.8790e-03, 1.7415e-03, 9.9840e-03],
        [2.5113e-01, 2.5104e-01, 2.4798e-01, 2.4986e-01]])
tensor(indices=tensor([[2311],
                       [   2]]),
       values=tensor([1.]),
       size=(2835, 4), nnz=1, layout=torch.sparse_coo)
torch.Size([24, 2835, 2835]) torch.Size([24, 2835, 50])
torch.Size([24, 2835, 2835]) torch.Size([24, 2835, 50])
Parameter containing:
tensor([[-0.0095, -0.1737, -0.0200,  ...,  0.0258,  0.0167,  0.0490],
        [-0.0222,  0.0247, -0.0112,  ..., -0.0323,  0.0019, -0.0036],
        [-0.0042,  0.0215, -0.0175,  ...,  0.0089,  0.0141, -0.0433],
        ...,
        [-0.0067,  0.0066,  0.0018,  ...,  0.0072, -0.0064, -0.0643],
        [ 0.0242, -0.0102,  0.0031,  ...,  0.2773, -0.0237, -0.0333],
        [-0.0077, -0.0960, -0.0182,  ..., -0.0250, -0.0062, -0.0212]],
       requires_grad=True)
torch.Size([24, 2835, 2835]) torch.Size([24, 2835, 50])
Exponential sum:  tensor(19074.5547)
torch.Size([24, 2835, 2835]) torch.Size([24, 2835, 50])
Exponential sum:  tensor(15078.7861)
tensor([[2.5113e-01, 2.5104e-01, 2.4798e-01, 2.4986e-01],
        [2.5000e-01, 2.5000e-01, 2.5000e-01, 2.5000e-01],
        [9.7555e-01, 6.8425e-03, 2.4854e-03, 1.5120e-02],
        ...,
        [2.3232e-10, 3.2672e-05, 9.9997e-01, 9.3737e-11],
        [9.8340e-01, 4.8790e-03, 1.7415e-03, 9.9840e-03],
        [2.5113e-01, 2.5104e-01, 2.4798e-01, 2.4986e-01]])
tensor(indices=tensor([[1022],
                       [   2]]),
       values=tensor([1.]),
       size=(2835, 4), nnz=1, layout=torch.sparse_coo)
torch.Size([24, 2835, 2835]) torch.Size([24, 2835, 50])
torch.Size([24, 2835, 2835]) torch.Size([24, 2835, 50])
Parameter containing:
tensor([[-0.0095, -0.1737, -0.0200,  ...,  0.0258,  0.0167,  0.0490],
        [-0.0222,  0.0247, -0.0112,  ..., -0.0323,  0.0019, -0.0036],
        [-0.0042,  0.0215, -0.0175,  ...,  0.0089,  0.0141, -0.0433],
        ...,
        [-0.0067,  0.0066,  0.0018,  ...,  0.0072, -0.0064, -0.0643],
        [ 0.0242, -0.0102,  0.0031,  ...,  0.2773, -0.0237, -0.0333],
        [-0.0077, -0.0960, -0.0182,  ..., -0.0250, -0.0062, -0.0212]],
       requires_grad=True)
torch.Size([24, 2835, 2835]) torch.Size([24, 2835, 50])
Exponential sum:  tensor(19074.5547)
torch.Size([24, 2835, 2835]) torch.Size([24, 2835, 50])
Exponential sum:  tensor(15078.7861)
tensor([[2.5113e-01, 2.5104e-01, 2.4798e-01, 2.4986e-01],
        [2.5000e-01, 2.5000e-01, 2.5000e-01, 2.5000e-01],
        [9.7555e-01, 6.8425e-03, 2.4854e-03, 1.5120e-02],
        ...,
        [2.3232e-10, 3.2672e-05, 9.9997e-01, 9.3737e-11],
        [9.8340e-01, 4.8790e-03, 1.7415e-03, 9.9840e-03],
        [2.5113e-01, 2.5104e-01, 2.4798e-01, 2.4986e-01]])
tensor(indices=tensor([[2327],
                       [   0]]),
       values=tensor([1.]),
       size=(2835, 4), nnz=1, layout=torch.sparse_coo)
torch.Size([24, 2835, 2835]) torch.Size([24, 2835, 50])
torch.Size([24, 2835, 2835]) torch.Size([24, 2835, 50])
8
Parameter containing:
tensor([[-0.0095, -0.1737, -0.0200,  ...,  0.0258,  0.0167,  0.0490],
        [-0.0222,  0.0247, -0.0112,  ..., -0.0323,  0.0019, -0.0036],
        [-0.0042,  0.0215, -0.0175,  ...,  0.0089,  0.0141, -0.0433],
        ...,
        [-0.0067,  0.0066,  0.0018,  ...,  0.0072, -0.0064, -0.0643],
        [ 0.0242, -0.0102,  0.0031,  ...,  0.2773, -0.0237, -0.0333],
        [-0.0077, -0.0960, -0.0182,  ..., -0.0250, -0.0062, -0.0212]],
       requires_grad=True)
torch.Size([24, 2835, 2835]) torch.Size([24, 2835, 50])
Exponential sum:  tensor(19074.5547)
torch.Size([24, 2835, 2835]) torch.Size([24, 2835, 50])
Exponential sum:  tensor(15078.7861)
tensor([[2.5113e-01, 2.5104e-01, 2.4798e-01, 2.4986e-01],
        [2.5000e-01, 2.5000e-01, 2.5000e-01, 2.5000e-01],
        [9.7555e-01, 6.8425e-03, 2.4854e-03, 1.5120e-02],
        ...,
        [2.3232e-10, 3.2672e-05, 9.9997e-01, 9.3737e-11],
        [9.8340e-01, 4.8790e-03, 1.7415e-03, 9.9840e-03],
        [2.5113e-01, 2.5104e-01, 2.4798e-01, 2.4986e-01]])
tensor(indices=tensor([[328],
                       [  0]]),
       values=tensor([1.]),
       size=(2835, 4), nnz=1, layout=torch.sparse_coo)
torch.Size([24, 2835, 2835]) torch.Size([24, 2835, 50])
torch.Size([24, 2835, 2835]) torch.Size([24, 2835, 50])
Parameter containing:
tensor([[-0.0095, -0.1737, -0.0200,  ...,  0.0258,  0.0167,  0.0490],
        [-0.0222,  0.0247, -0.0112,  ..., -0.0323,  0.0019, -0.0036],
        [-0.0042,  0.0215, -0.0175,  ...,  0.0089,  0.0141, -0.0433],
        ...,
        [-0.0067,  0.0066,  0.0018,  ...,  0.0072, -0.0064, -0.0643],
        [ 0.0242, -0.0102,  0.0031,  ...,  0.2773, -0.0237, -0.0333],
        [-0.0077, -0.0960, -0.0182,  ..., -0.0250, -0.0062, -0.0212]],
       requires_grad=True)
torch.Size([24, 2835, 2835]) torch.Size([24, 2835, 50])
Exponential sum:  tensor(19074.5547)
torch.Size([24, 2835, 2835]) torch.Size([24, 2835, 50])
Exponential sum:  tensor(15078.7861)
tensor([[2.5113e-01, 2.5104e-01, 2.4798e-01, 2.4986e-01],
        [2.5000e-01, 2.5000e-01, 2.5000e-01, 2.5000e-01],
        [9.7555e-01, 6.8425e-03, 2.4854e-03, 1.5120e-02],
        ...,
        [2.3232e-10, 3.2672e-05, 9.9997e-01, 9.3737e-11],
        [9.8340e-01, 4.8790e-03, 1.7415e-03, 9.9840e-03],
        [2.5113e-01, 2.5104e-01, 2.4798e-01, 2.4986e-01]])
tensor(indices=tensor([[2598],
                       [   1]]),
       values=tensor([1.]),
       size=(2835, 4), nnz=1, layout=torch.sparse_coo)
torch.Size([24, 2835, 2835]) torch.Size([24, 2835, 50])
torch.Size([24, 2835, 2835]) torch.Size([24, 2835, 50])
Parameter containing:
tensor([[-0.0095, -0.1737, -0.0200,  ...,  0.0258,  0.0167,  0.0490],
        [-0.0222,  0.0247, -0.0112,  ..., -0.0323,  0.0019, -0.0036],
        [-0.0042,  0.0215, -0.0175,  ...,  0.0089,  0.0141, -0.0433],
        ...,
        [-0.0067,  0.0066,  0.0018,  ...,  0.0072, -0.0064, -0.0643],
        [ 0.0242, -0.0102,  0.0031,  ...,  0.2773, -0.0237, -0.0333],
        [-0.0077, -0.0960, -0.0182,  ..., -0.0250, -0.0062, -0.0212]],
       requires_grad=True)
torch.Size([24, 2835, 2835]) torch.Size([24, 2835, 50])
Exponential sum:  tensor(19074.5547)
torch.Size([24, 2835, 2835]) torch.Size([24, 2835, 50])
Exponential sum:  tensor(15078.7861)
tensor([[2.5113e-01, 2.5104e-01, 2.4798e-01, 2.4986e-01],
        [2.5000e-01, 2.5000e-01, 2.5000e-01, 2.5000e-01],
        [9.7555e-01, 6.8425e-03, 2.4854e-03, 1.5120e-02],
        ...,
        [2.3232e-10, 3.2672e-05, 9.9997e-01, 9.3737e-11],
        [9.8340e-01, 4.8790e-03, 1.7415e-03, 9.9840e-03],
        [2.5113e-01, 2.5104e-01, 2.4798e-01, 2.4986e-01]])
tensor(indices=tensor([[394],
                       [  3]]),
       values=tensor([1.]),
       size=(2835, 4), nnz=1, layout=torch.sparse_coo)
torch.Size([24, 2835, 2835]) torch.Size([24, 2835, 50])
torch.Size([24, 2835, 2835]) torch.Size([24, 2835, 50])
9
11
Parameter containing:
tensor([[-0.0095, -0.1737, -0.0200,  ...,  0.0258,  0.0167,  0.0490],
        [-0.0222,  0.0247, -0.0112,  ..., -0.0323,  0.0019, -0.0036],
        [-0.0042,  0.0215, -0.0175,  ...,  0.0089,  0.0141, -0.0433],
        ...,
        [-0.0067,  0.0066,  0.0018,  ...,  0.0072, -0.0064, -0.0643],
        [ 0.0242, -0.0102,  0.0031,  ...,  0.2773, -0.0237, -0.0333],
        [-0.0077, -0.0960, -0.0182,  ..., -0.0250, -0.0062, -0.0212]],
       requires_grad=True)
torch.Size([24, 2835, 2835]) torch.Size([24, 2835, 50])
Exponential sum:  tensor(19074.5547)
torch.Size([24, 2835, 2835]) torch.Size([24, 2835, 50])
Exponential sum:  tensor(15078.7861)
tensor([[2.5113e-01, 2.5104e-01, 2.4798e-01, 2.4986e-01],
        [2.5000e-01, 2.5000e-01, 2.5000e-01, 2.5000e-01],
        [9.7555e-01, 6.8425e-03, 2.4854e-03, 1.5120e-02],
        ...,
        [2.3232e-10, 3.2672e-05, 9.9997e-01, 9.3737e-11],
        [9.8340e-01, 4.8790e-03, 1.7415e-03, 9.9840e-03],
        [2.5113e-01, 2.5104e-01, 2.4798e-01, 2.4986e-01]])
tensor(indices=tensor([[378],
                       [  1]]),
       values=tensor([1.]),
       size=(2835, 4), nnz=1, layout=torch.sparse_coo)
torch.Size([24, 2835, 2835]) torch.Size([24, 2835, 50])
torch.Size([24, 2835, 2835]) torch.Size([24, 2835, 50])
12
Parameter containing:
tensor([[-0.0095, -0.1737, -0.0200,  ...,  0.0258,  0.0167,  0.0490],
        [-0.0222,  0.0247, -0.0112,  ..., -0.0323,  0.0019, -0.0036],
        [-0.0042,  0.0215, -0.0175,  ...,  0.0089,  0.0141, -0.0433],
        ...,
        [-0.0067,  0.0066,  0.0018,  ...,  0.0072, -0.0064, -0.0643],
        [ 0.0242, -0.0102,  0.0031,  ...,  0.2773, -0.0237, -0.0333],
        [-0.0077, -0.0960, -0.0182,  ..., -0.0250, -0.0062, -0.0212]],
       requires_grad=True)
torch.Size([24, 2835, 2835]) torch.Size([24, 2835, 50])
Exponential sum:  tensor(19074.5547)
torch.Size([24, 2835, 2835]) torch.Size([24, 2835, 50])
Exponential sum:  tensor(15078.7861)
tensor([[2.5113e-01, 2.5104e-01, 2.4798e-01, 2.4986e-01],
        [2.5000e-01, 2.5000e-01, 2.5000e-01, 2.5000e-01],
        [9.7555e-01, 6.8425e-03, 2.4854e-03, 1.5120e-02],
        ...,
        [2.3232e-10, 3.2672e-05, 9.9997e-01, 9.3737e-11],
        [9.8340e-01, 4.8790e-03, 1.7415e-03, 9.9840e-03],
        [2.5113e-01, 2.5104e-01, 2.4798e-01, 2.4986e-01]])
tensor(indices=tensor([[2657],
                       [   1]]),
       values=tensor([1.]),
       size=(2835, 4), nnz=1, layout=torch.sparse_coo)
torch.Size([24, 2835, 2835]) torch.Size([24, 2835, 50])
torch.Size([24, 2835, 2835]) torch.Size([24, 2835, 50])
Parameter containing:
tensor([[-0.0095, -0.1737, -0.0200,  ...,  0.0258,  0.0167,  0.0490],
        [-0.0222,  0.0247, -0.0112,  ..., -0.0323,  0.0019, -0.0036],
        [-0.0042,  0.0215, -0.0175,  ...,  0.0089,  0.0141, -0.0433],
        ...,
        [-0.0067,  0.0066,  0.0018,  ...,  0.0072, -0.0064, -0.0643],
        [ 0.0242, -0.0102,  0.0031,  ...,  0.2773, -0.0237, -0.0333],
        [-0.0077, -0.0960, -0.0182,  ..., -0.0250, -0.0062, -0.0212]],
       requires_grad=True)
torch.Size([24, 2835, 2835]) torch.Size([24, 2835, 50])
Exponential sum:  tensor(19074.5547)
torch.Size([24, 2835, 2835]) torch.Size([24, 2835, 50])
Exponential sum:  tensor(15078.7861)
tensor([[2.5113e-01, 2.5104e-01, 2.4798e-01, 2.4986e-01],
        [2.5000e-01, 2.5000e-01, 2.5000e-01, 2.5000e-01],
        [9.7555e-01, 6.8425e-03, 2.4854e-03, 1.5120e-02],
        ...,
        [2.3232e-10, 3.2672e-05, 9.9997e-01, 9.3737e-11],
        [9.8340e-01, 4.8790e-03, 1.7415e-03, 9.9840e-03],
        [2.5113e-01, 2.5104e-01, 2.4798e-01, 2.4986e-01]])
tensor(indices=tensor([[73],
                       [ 3]]),
       values=tensor([1.]),
       size=(2835, 4), nnz=1, layout=torch.sparse_coo)
torch.Size([24, 2835, 2835]) torch.Size([24, 2835, 50])
torch.Size([24, 2835, 2835]) torch.Size([24, 2835, 50])
10
Parameter containing:
tensor([[-0.0095, -0.1737, -0.0200,  ...,  0.0258,  0.0167,  0.0490],
        [-0.0222,  0.0247, -0.0112,  ..., -0.0323,  0.0019, -0.0036],
        [-0.0042,  0.0215, -0.0175,  ...,  0.0089,  0.0141, -0.0433],
        ...,
        [-0.0067,  0.0066,  0.0018,  ...,  0.0072, -0.0064, -0.0643],
        [ 0.0242, -0.0102,  0.0031,  ...,  0.2773, -0.0237, -0.0333],
        [-0.0077, -0.0960, -0.0182,  ..., -0.0250, -0.0062, -0.0212]],
       requires_grad=True)
torch.Size([24, 2835, 2835]) torch.Size([24, 2835, 50])
Exponential sum:  tensor(19074.5547)
torch.Size([24, 2835, 2835]) torch.Size([24, 2835, 50])
Exponential sum:  tensor(15078.7861)
tensor([[2.5113e-01, 2.5104e-01, 2.4798e-01, 2.4986e-01],
        [2.5000e-01, 2.5000e-01, 2.5000e-01, 2.5000e-01],
        [9.7555e-01, 6.8425e-03, 2.4854e-03, 1.5120e-02],
        ...,
        [2.3232e-10, 3.2672e-05, 9.9997e-01, 9.3737e-11],
        [9.8340e-01, 4.8790e-03, 1.7415e-03, 9.9840e-03],
        [2.5113e-01, 2.5104e-01, 2.4798e-01, 2.4986e-01]])
tensor(indices=tensor([[2030],
                       [   2]]),
       values=tensor([1.]),
       size=(2835, 4), nnz=1, layout=torch.sparse_coo)
torch.Size([24, 2835, 2835]) torch.Size([24, 2835, 50])
torch.Size([24, 2835, 2835]) torch.Size([24, 2835, 50])
Parameter containing:
tensor([[-0.0095, -0.1737, -0.0200,  ...,  0.0258,  0.0167,  0.0490],
        [-0.0222,  0.0247, -0.0112,  ..., -0.0323,  0.0019, -0.0036],
        [-0.0042,  0.0215, -0.0175,  ...,  0.0089,  0.0141, -0.0433],
        ...,
        [-0.0067,  0.0066,  0.0018,  ...,  0.0072, -0.0064, -0.0643],
        [ 0.0242, -0.0102,  0.0031,  ...,  0.2773, -0.0237, -0.0333],
        [-0.0077, -0.0960, -0.0182,  ..., -0.0250, -0.0062, -0.0212]],
       requires_grad=True)
torch.Size([24, 2835, 2835]) torch.Size([24, 2835, 50])
Exponential sum:  tensor(19074.5547)
torch.Size([24, 2835, 2835]) torch.Size([24, 2835, 50])
Exponential sum:  tensor(15078.7861)
tensor([[2.5113e-01, 2.5104e-01, 2.4798e-01, 2.4986e-01],
        [2.5000e-01, 2.5000e-01, 2.5000e-01, 2.5000e-01],
        [9.7555e-01, 6.8425e-03, 2.4854e-03, 1.5120e-02],
        ...,
        [2.3232e-10, 3.2672e-05, 9.9997e-01, 9.3737e-11],
        [9.8340e-01, 4.8790e-03, 1.7415e-03, 9.9840e-03],
        [2.5113e-01, 2.5104e-01, 2.4798e-01, 2.4986e-01]])
tensor(indices=tensor([[2486],
                       [   1]]),
       values=tensor([1.]),
       size=(2835, 4), nnz=1, layout=torch.sparse_coo)
torch.Size([24, 2835, 2835]) torch.Size([24, 2835, 50])
torch.Size([24, 2835, 2835]) torch.Size([24, 2835, 50])
Parameter containing:
tensor([[-0.0095, -0.1737, -0.0200,  ...,  0.0258,  0.0167,  0.0490],
        [-0.0222,  0.0247, -0.0112,  ..., -0.0323,  0.0019, -0.0036],
        [-0.0042,  0.0215, -0.0175,  ...,  0.0089,  0.0141, -0.0433],
        ...,
        [-0.0067,  0.0066,  0.0018,  ...,  0.0072, -0.0064, -0.0643],
        [ 0.0242, -0.0102,  0.0031,  ...,  0.2773, -0.0237, -0.0333],
        [-0.0077, -0.0960, -0.0182,  ..., -0.0250, -0.0062, -0.0212]],
       requires_grad=True)
torch.Size([24, 2835, 2835]) torch.Size([24, 2835, 50])
Exponential sum:  tensor(19074.5547)
torch.Size([24, 2835, 2835]) torch.Size([24, 2835, 50])
Exponential sum:  tensor(15078.7861)
tensor([[2.5113e-01, 2.5104e-01, 2.4798e-01, 2.4986e-01],
        [2.5000e-01, 2.5000e-01, 2.5000e-01, 2.5000e-01],
        [9.7555e-01, 6.8425e-03, 2.4854e-03, 1.5120e-02],
        ...,
        [2.3232e-10, 3.2672e-05, 9.9997e-01, 9.3737e-11],
        [9.8340e-01, 4.8790e-03, 1.7415e-03, 9.9840e-03],
        [2.5113e-01, 2.5104e-01, 2.4798e-01, 2.4986e-01]])
tensor(indices=tensor([[2498],
                       [   0]]),
       values=tensor([1.]),
       size=(2835, 4), nnz=1, layout=torch.sparse_coo)
torch.Size([24, 2835, 2835]) torch.Size([24, 2835, 50])
torch.Size([24, 2835, 2835]) torch.Size([24, 2835, 50])
Parameter containing:
tensor([[-0.0095, -0.1737, -0.0200,  ...,  0.0258,  0.0167,  0.0490],
        [-0.0222,  0.0247, -0.0112,  ..., -0.0323,  0.0019, -0.0036],
        [-0.0042,  0.0215, -0.0175,  ...,  0.0089,  0.0141, -0.0433],
        ...,
        [-0.0067,  0.0066,  0.0018,  ...,  0.0072, -0.0064, -0.0643],
        [ 0.0242, -0.0102,  0.0031,  ...,  0.2773, -0.0237, -0.0333],
        [-0.0077, -0.0960, -0.0182,  ..., -0.0250, -0.0062, -0.0212]],
       requires_grad=True)
torch.Size([24, 2835, 2835]) torch.Size([24, 2835, 50])
Exponential sum:  tensor(19074.5547)
torch.Size([24, 2835, 2835]) torch.Size([24, 2835, 50])
Exponential sum:  tensor(15078.7861)
tensor([[2.5113e-01, 2.5104e-01, 2.4798e-01, 2.4986e-01],
        [2.5000e-01, 2.5000e-01, 2.5000e-01, 2.5000e-01],
        [9.7555e-01, 6.8425e-03, 2.4854e-03, 1.5120e-02],
        ...,
        [2.3232e-10, 3.2672e-05, 9.9997e-01, 9.3737e-11],
        [9.8340e-01, 4.8790e-03, 1.7415e-03, 9.9840e-03],
        [2.5113e-01, 2.5104e-01, 2.4798e-01, 2.4986e-01]])
tensor(indices=tensor([[2583],
                       [   2]]),
       values=tensor([1.]),
       size=(2835, 4), nnz=1, layout=torch.sparse_coo)
torch.Size([24, 2835, 2835]) torch.Size([24, 2835, 50])
torch.Size([24, 2835, 2835]) torch.Size([24, 2835, 50])
Parameter containing:
tensor([[-0.0095, -0.1737, -0.0200,  ...,  0.0258,  0.0167,  0.0490],
        [-0.0222,  0.0247, -0.0112,  ..., -0.0323,  0.0019, -0.0036],
        [-0.0042,  0.0215, -0.0175,  ...,  0.0089,  0.0141, -0.0433],
        ...,
        [-0.0067,  0.0066,  0.0018,  ...,  0.0072, -0.0064, -0.0643],
        [ 0.0242, -0.0102,  0.0031,  ...,  0.2773, -0.0237, -0.0333],
        [-0.0077, -0.0960, -0.0182,  ..., -0.0250, -0.0062, -0.0212]],
       requires_grad=True)
torch.Size([24, 2835, 2835]) torch.Size([24, 2835, 50])
Exponential sum:  tensor(19074.5547)
torch.Size([24, 2835, 2835]) torch.Size([24, 2835, 50])
Exponential sum:  tensor(15078.7861)
tensor([[2.5113e-01, 2.5104e-01, 2.4798e-01, 2.4986e-01],
        [2.5000e-01, 2.5000e-01, 2.5000e-01, 2.5000e-01],
        [9.7555e-01, 6.8425e-03, 2.4854e-03, 1.5120e-02],
        ...,
        [2.3232e-10, 3.2672e-05, 9.9997e-01, 9.3737e-11],
        [9.8340e-01, 4.8790e-03, 1.7415e-03, 9.9840e-03],
        [2.5113e-01, 2.5104e-01, 2.4798e-01, 2.4986e-01]])
tensor(indices=tensor([[2657],
                       [   1]]),
       values=tensor([1.]),
       size=(2835, 4), nnz=1, layout=torch.sparse_coo)
torch.Size([24, 2835, 2835]) torch.Size([24, 2835, 50])
torch.Size([24, 2835, 2835]) torch.Size([24, 2835, 50])
Parameter containing:
tensor([[-0.0095, -0.1737, -0.0200,  ...,  0.0258,  0.0167,  0.0490],
        [-0.0222,  0.0247, -0.0112,  ..., -0.0323,  0.0019, -0.0036],
        [-0.0042,  0.0215, -0.0175,  ...,  0.0089,  0.0141, -0.0433],
        ...,
        [-0.0067,  0.0066,  0.0018,  ...,  0.0072, -0.0064, -0.0643],
        [ 0.0242, -0.0102,  0.0031,  ...,  0.2773, -0.0237, -0.0333],
        [-0.0077, -0.0960, -0.0182,  ..., -0.0250, -0.0062, -0.0212]],
       requires_grad=True)
torch.Size([24, 2835, 2835]) torch.Size([24, 2835, 50])
Exponential sum:  tensor(19074.5547)
torch.Size([24, 2835, 2835]) torch.Size([24, 2835, 50])
Exponential sum:  tensor(15078.7861)
tensor([[2.5113e-01, 2.5104e-01, 2.4798e-01, 2.4986e-01],
        [2.5000e-01, 2.5000e-01, 2.5000e-01, 2.5000e-01],
        [9.7555e-01, 6.8425e-03, 2.4854e-03, 1.5120e-02],
        ...,
        [2.3232e-10, 3.2672e-05, 9.9997e-01, 9.3737e-11],
        [9.8340e-01, 4.8790e-03, 1.7415e-03, 9.9840e-03],
        [2.5113e-01, 2.5104e-01, 2.4798e-01, 2.4986e-01]])
tensor(indices=tensor([[2030],
                       [   2]]),
       values=tensor([1.]),
       size=(2835, 4), nnz=1, layout=torch.sparse_coo)
torch.Size([24, 2835, 2835]) torch.Size([24, 2835, 50])
torch.Size([24, 2835, 2835]) torch.Size([24, 2835, 50])
Parameter containing:
tensor([[-0.0095, -0.1737, -0.0200,  ...,  0.0258,  0.0167,  0.0490],
        [-0.0222,  0.0247, -0.0112,  ..., -0.0323,  0.0019, -0.0036],
        [-0.0042,  0.0215, -0.0175,  ...,  0.0089,  0.0141, -0.0433],
        ...,
        [-0.0067,  0.0066,  0.0018,  ...,  0.0072, -0.0064, -0.0643],
        [ 0.0242, -0.0102,  0.0031,  ...,  0.2773, -0.0237, -0.0333],
        [-0.0077, -0.0960, -0.0182,  ..., -0.0250, -0.0062, -0.0212]],
       requires_grad=True)
torch.Size([24, 2835, 2835]) torch.Size([24, 2835, 50])
Exponential sum:  tensor(19074.5547)
torch.Size([24, 2835, 2835]) torch.Size([24, 2835, 50])
Exponential sum:  tensor(15078.7861)
tensor([[2.5113e-01, 2.5104e-01, 2.4798e-01, 2.4986e-01],
        [2.5000e-01, 2.5000e-01, 2.5000e-01, 2.5000e-01],
        [9.7555e-01, 6.8425e-03, 2.4854e-03, 1.5120e-02],
        ...,
        [2.3232e-10, 3.2672e-05, 9.9997e-01, 9.3737e-11],
        [9.8340e-01, 4.8790e-03, 1.7415e-03, 9.9840e-03],
        [2.5113e-01, 2.5104e-01, 2.4798e-01, 2.4986e-01]])
tensor(indices=tensor([[2030],
                       [   2]]),
       values=tensor([1.]),
       size=(2835, 4), nnz=1, layout=torch.sparse_coo)
torch.Size([24, 2835, 2835]) torch.Size([24, 2835, 50])
torch.Size([24, 2835, 2835]) torch.Size([24, 2835, 50])
Parameter containing:
tensor([[-0.0095, -0.1737, -0.0200,  ...,  0.0258,  0.0167,  0.0490],
        [-0.0222,  0.0247, -0.0112,  ..., -0.0323,  0.0019, -0.0036],
        [-0.0042,  0.0215, -0.0175,  ...,  0.0089,  0.0141, -0.0433],
        ...,
        [-0.0067,  0.0066,  0.0018,  ...,  0.0072, -0.0064, -0.0643],
        [ 0.0242, -0.0102,  0.0031,  ...,  0.2773, -0.0237, -0.0333],
        [-0.0077, -0.0960, -0.0182,  ..., -0.0250, -0.0062, -0.0212]],
       requires_grad=True)
torch.Size([24, 2835, 2835]) torch.Size([24, 2835, 50])
Exponential sum:  tensor(19074.5547)
torch.Size([24, 2835, 2835]) torch.Size([24, 2835, 50])
Exponential sum:  tensor(15078.7861)
tensor([[2.5113e-01, 2.5104e-01, 2.4798e-01, 2.4986e-01],
        [2.5000e-01, 2.5000e-01, 2.5000e-01, 2.5000e-01],
        [9.7555e-01, 6.8425e-03, 2.4854e-03, 1.5120e-02],
        ...,
        [2.3232e-10, 3.2672e-05, 9.9997e-01, 9.3737e-11],
        [9.8340e-01, 4.8790e-03, 1.7415e-03, 9.9840e-03],
        [2.5113e-01, 2.5104e-01, 2.4798e-01, 2.4986e-01]])
tensor(indices=tensor([[2486],
                       [   1]]),
       values=tensor([1.]),
       size=(2835, 4), nnz=1, layout=torch.sparse_coo)
torch.Size([24, 2835, 2835]) torch.Size([24, 2835, 50])
torch.Size([24, 2835, 2835]) torch.Size([24, 2835, 50])
Parameter containing:
tensor([[-0.0095, -0.1737, -0.0200,  ...,  0.0258,  0.0167,  0.0490],
        [-0.0222,  0.0247, -0.0112,  ..., -0.0323,  0.0019, -0.0036],
        [-0.0042,  0.0215, -0.0175,  ...,  0.0089,  0.0141, -0.0433],
        ...,
        [-0.0067,  0.0066,  0.0018,  ...,  0.0072, -0.0064, -0.0643],
        [ 0.0242, -0.0102,  0.0031,  ...,  0.2773, -0.0237, -0.0333],
        [-0.0077, -0.0960, -0.0182,  ..., -0.0250, -0.0062, -0.0212]],
       requires_grad=True)
torch.Size([24, 2835, 2835]) torch.Size([24, 2835, 50])
Exponential sum:  tensor(19074.5547)
torch.Size([24, 2835, 2835]) torch.Size([24, 2835, 50])
Exponential sum:  tensor(15078.7861)
tensor([[2.5113e-01, 2.5104e-01, 2.4798e-01, 2.4986e-01],
        [2.5000e-01, 2.5000e-01, 2.5000e-01, 2.5000e-01],
        [9.7555e-01, 6.8425e-03, 2.4854e-03, 1.5120e-02],
        ...,
        [2.3232e-10, 3.2672e-05, 9.9997e-01, 9.3737e-11],
        [9.8340e-01, 4.8790e-03, 1.7415e-03, 9.9840e-03],
        [2.5113e-01, 2.5104e-01, 2.4798e-01, 2.4986e-01]])
tensor(indices=tensor([[2498],
                       [   0]]),
       values=tensor([1.]),
       size=(2835, 4), nnz=1, layout=torch.sparse_coo)
torch.Size([24, 2835, 2835]) torch.Size([24, 2835, 50])
torch.Size([24, 2835, 2835]) torch.Size([24, 2835, 50])
Parameter containing:
tensor([[-0.0095, -0.1737, -0.0200,  ...,  0.0258,  0.0167,  0.0490],
        [-0.0222,  0.0247, -0.0112,  ..., -0.0323,  0.0019, -0.0036],
        [-0.0042,  0.0215, -0.0175,  ...,  0.0089,  0.0141, -0.0433],
        ...,
        [-0.0067,  0.0066,  0.0018,  ...,  0.0072, -0.0064, -0.0643],
        [ 0.0242, -0.0102,  0.0031,  ...,  0.2773, -0.0237, -0.0333],
        [-0.0077, -0.0960, -0.0182,  ..., -0.0250, -0.0062, -0.0212]],
       requires_grad=True)
torch.Size([24, 2835, 2835]) torch.Size([24, 2835, 50])
Exponential sum:  tensor(19074.5547)
torch.Size([24, 2835, 2835]) torch.Size([24, 2835, 50])
Exponential sum:  tensor(15078.7861)
tensor([[2.5113e-01, 2.5104e-01, 2.4798e-01, 2.4986e-01],
        [2.5000e-01, 2.5000e-01, 2.5000e-01, 2.5000e-01],
        [9.7555e-01, 6.8425e-03, 2.4854e-03, 1.5120e-02],
        ...,
        [2.3232e-10, 3.2672e-05, 9.9997e-01, 9.3737e-11],
        [9.8340e-01, 4.8790e-03, 1.7415e-03, 9.9840e-03],
        [2.5113e-01, 2.5104e-01, 2.4798e-01, 2.4986e-01]])
tensor(indices=tensor([[2583],
                       [   2]]),
       values=tensor([1.]),
       size=(2835, 4), nnz=1, layout=torch.sparse_coo)
torch.Size([24, 2835, 2835]) torch.Size([24, 2835, 50])
torch.Size([24, 2835, 2835]) torch.Size([24, 2835, 50])
Parameter containing:
tensor([[-0.0095, -0.1737, -0.0200,  ...,  0.0258,  0.0167,  0.0490],
        [-0.0222,  0.0247, -0.0112,  ..., -0.0323,  0.0019, -0.0036],
        [-0.0042,  0.0215, -0.0175,  ...,  0.0089,  0.0141, -0.0433],
        ...,
        [-0.0067,  0.0066,  0.0018,  ...,  0.0072, -0.0064, -0.0643],
        [ 0.0242, -0.0102,  0.0031,  ...,  0.2773, -0.0237, -0.0333],
        [-0.0077, -0.0960, -0.0182,  ..., -0.0250, -0.0062, -0.0212]],
       requires_grad=True)
torch.Size([24, 2835, 2835]) torch.Size([24, 2835, 50])
Exponential sum:  tensor(19074.5547)
torch.Size([24, 2835, 2835]) torch.Size([24, 2835, 50])
Exponential sum:  tensor(15078.7861)
tensor([[2.5113e-01, 2.5104e-01, 2.4798e-01, 2.4986e-01],
        [2.5000e-01, 2.5000e-01, 2.5000e-01, 2.5000e-01],
        [9.7555e-01, 6.8425e-03, 2.4854e-03, 1.5120e-02],
        ...,
        [2.3232e-10, 3.2672e-05, 9.9997e-01, 9.3737e-11],
        [9.8340e-01, 4.8790e-03, 1.7415e-03, 9.9840e-03],
        [2.5113e-01, 2.5104e-01, 2.4798e-01, 2.4986e-01]])
tensor(indices=tensor([[2657],
                       [   1]]),
       values=tensor([1.]),
       size=(2835, 4), nnz=1, layout=torch.sparse_coo)
torch.Size([24, 2835, 2835]) torch.Size([24, 2835, 50])
torch.Size([24, 2835, 2835]) torch.Size([24, 2835, 50])
Parameter containing:
tensor([[-0.0095, -0.1737, -0.0200,  ...,  0.0258,  0.0167,  0.0490],
        [-0.0222,  0.0247, -0.0112,  ..., -0.0323,  0.0019, -0.0036],
        [-0.0042,  0.0215, -0.0175,  ...,  0.0089,  0.0141, -0.0433],
        ...,
        [-0.0067,  0.0066,  0.0018,  ...,  0.0072, -0.0064, -0.0643],
        [ 0.0242, -0.0102,  0.0031,  ...,  0.2773, -0.0237, -0.0333],
        [-0.0077, -0.0960, -0.0182,  ..., -0.0250, -0.0062, -0.0212]],
       requires_grad=True)
torch.Size([24, 2835, 2835]) torch.Size([24, 2835, 50])
Exponential sum:  tensor(19074.5547)
torch.Size([24, 2835, 2835]) torch.Size([24, 2835, 50])
Exponential sum:  tensor(15078.7861)
tensor([[2.5113e-01, 2.5104e-01, 2.4798e-01, 2.4986e-01],
        [2.5000e-01, 2.5000e-01, 2.5000e-01, 2.5000e-01],
        [9.7555e-01, 6.8425e-03, 2.4854e-03, 1.5120e-02],
        ...,
        [2.3232e-10, 3.2672e-05, 9.9997e-01, 9.3737e-11],
        [9.8340e-01, 4.8790e-03, 1.7415e-03, 9.9840e-03],
        [2.5113e-01, 2.5104e-01, 2.4798e-01, 2.4986e-01]])
tensor(indices=tensor([[2030],
                       [   2]]),
       values=tensor([1.]),
       size=(2835, 4), nnz=1, layout=torch.sparse_coo)
torch.Size([24, 2835, 2835]) torch.Size([24, 2835, 50])
torch.Size([24, 2835, 2835]) torch.Size([24, 2835, 50])
count_nodes_self:  10
count_edges_self:  12
